"","JEC","JSC","TCG"
"1",5.71451838647365,4.78480693962059,4.80835116313409
"2",2.68854569744366,2.98965523776096,4.2150676374552
"3",3.41370977797709,2.81137717102299,5.96770853659489
"4",4.7894595825895,2.97443901396364,6.61754893857044
"5",3.16373258046343,4.05511526570136,17.3634820724615
"6",2.65694079822722,2.89999255454432,3.05481230706253
"7",5.88090116996008,3.93138567729602,3.22545217519486
"8",1.47817152561892,1.82575298144961,3.45833309584368
"9",0.942044037901107,2.18448088777999,3.89888093963898
"10",1.30947519799664,1.92587547319438,4.52646320332077
"11",1.65788068802336,3.38186801474634,2.05451260477043
"12",3.41312150171404,3.24828461876731,3.33253967043214
"13",3.11674280610054,3.27567252735501,3.26119526090748
"14",3.99512206678386,2.44087795536506,4.85086570274954
"15",3.2766471268601,3.96735895337895,15.5650288647025
"16",3.73732962459846,4.12875150433626,3.89251003697187
"17",4.07541221675183,5.04763484442796,16.8616494620605
"18",2.85509373010559,4.47217973700045,5.19836637210486
"19",4.36734593575099,2.35261516779105,5.43563771130509
"20",4.13978229874736,3.34891253078217,6.09724914965863
"21",2.69247033780021,5.22888136222015,17.8990600254428
"22",6.5487975157352,3.33259734391047,6.59773067222807
"23",10.0030747738697,6.00693744179547,16.3538782500613
"24",3.63152908395828,2.62590522270591,4.56537886695045
"25",5.43790351032056,2.65512840193222,5.41160010501615
"26",1.59100061302143,4.48158945537868,8.1349442129267
"27",2.9720430439363,5.34777017360413,4.2342745644289
"28",4.54705239982504,2.82006031438416,4.06253968656575
"29",2.75754967670817,3.17790706742475,6.38032786591576
"30",8.45107441939634,3.90206980791582,4.36135362607842
"31",3.02703293367777,3.17862030562875,3.88848923896621
"32",7.41822095520832,3.96102527387543,4.40677134665296
"33",1.9235772500298,3.11402287993422,3.74097651628647
"34",4.58966461022906,2.36323708465888,2.42958087674663
"35",4.31092237465833,3.47992592333823,13.7654265270625
"36",3.71156372389762,3.50217198632299,20.1246207283366
"37",3.09760740322212,3.4580516512467,3.3297829196879
"38",7.13644284212255,1.62751114591981,3.65261784513387
"39",3.06447131043019,1.97756274233342,3.45379319895705
"40",4.96222723624084,3.24165631527358,3.3449060288769
"41",3.35798444618013,5.6925024532395,3.2366781696212
"42",3.24950075764193,3.05721242089856,4.32937302559977
"43",2.11384002743991,2.88290445070134,3.30473219617368
"44",3.68401772101225,2.92474166346496,3.62372616830456
"45",3.4244315760543,2.95713311549758,3.97070233821698
"46",8.13353704611128,2.21200568287213,4.0571009693459
"47",3.36325151134958,4.50937719290555,3.37944044601559
"48",2.27486827161144,2.72613317525355,3.73178343194365
"49",3.40858123186734,1.76339348216115,6.76148093952852
"50",2.12837246613388,2.99022900844339,4.28377834336525
"51",3.68902879629008,3.03163088926136,4.13748819078377
"52",4.68403992735494,4.78250429202198,4.50965121895064
"53",3.31177708350187,3.10409155540304,5.00438349953465
"54",3.50515841200413,3.842951889186,5.2046339557967
"55",3.42765446481805,5.06295176428938,5.21427473660922
"56",6.26395874925809,3.04212376980264,4.9388298485412
"57",6.93171507486183,2.77720565083003,3.88649416214999
"58",3.64634721636001,3.47874873883389,17.5128506345243
"59",4.21802443017967,3.12950967792664,3.01337869238096
"60",4.95799739538061,5.72734367827498,7.65729264640117
"61",8.95107983640618,2.96245669713831,4.28001289044317
"62",3.91659614567881,3.29110543712148,3.6135992464382
"63",2.92764759084963,4.59023051179286,4.61377748398754
"64",2.89454707328354,3.77348510165461,4.44962925408299
"65",4.68861427797502,4.65597884211969,4.64358421398922
"66",5.25918957413079,2.48448430406321,4.01318881827419
"67",3.72667318725032,3.71793940663904,4.82205470329974
"68",4.67948056157465,4.53488777720762,3.17358141078566
"69",2.00106522081067,3.4624053753995,4.86293215915707
"70",2.96166158168838,2.53297518970929,4.71466779418328
"71",3.4568232886164,2.70558178419828,5.88981183588745
"72",3.72271350232303,3.97776278556598,8.73868369344435
"73",1.64284730669045,4.23745142800152,5.84410064265502
"74",3.85127244950772,2.05223730045619,5.65403930441092
"75",3.10180264171841,2.6120752490137,8.07641871089751
"76",2.40257656906361,2.97008635173773,5.10173133238004
"77",3.9400809701027,1.88285932915385,4.16295216533338
"78",4.12146726521199,3.11622117555081,3.1067688698317
"79",4.30669687584242,2.15879916325436,15.4550511310975
"80",3.89322821697663,2.52779263817125,17.7798849390995
"81",2.67468207874243,2.97262118805812,5.51164137667421
"82",3.70345849854883,2.52118510695812,9.04858422303697
"83",2.54719986886436,2.50966530425488,3.63462435505245
"84",1.64976152687089,3.64783499473517,3.91042149060178
"85",1.40673059106624,2.29925244642302,20.7347772288602
"86",3.0576239011925,2.27495193305465,14.3269924089651
"87",11.884454784951,3.16793003645687,5.53112050214578
"88",3.12420812806903,3.51819678763865,18.626582720356
"89",4.62146463728445,2.4820400995343,4.3805053926384
"90",5.02538320091436,2.8573610952113,4.16610992981596
"91",4.06086771130553,3.57767538949167,6.84665357545038
"92",3.53680967379695,3.18871890028354,5.39943753929
"93",4.60302620486721,4.29074015251975,5.95984381849332
"94",4.70207966949595,3.27059385211714,5.54743741362839
"95",3.46120225225172,2.23569164437185,1.17557729168668
"96",2.41788724353177,2.18518911934822,2.60129392747928
"97",3.01210755434591,2.60195407892998,2.66749407766898
"98",5.1932617292067,2.6208410719696,1.08461507402485
"99",2.56271851379506,1.27309372660501,3.31048778456334
"100",3.28341811337091,3.68575236192443,6.44570724815091
"101",3.72522708844659,2.42123650028874,4.00291678991701
"102",2.76529378428852,2.99531666787591,4.66476120578138
"103",4.15334172196519,3.12757239030334,3.73133192669212
"104",5.10068193281343,3.27385048641133,3.76309268595909
"105",3.15303820992415,2.97056404729978,4.20693026671283
"106",4.85085226608872,4.00190142580665,3.38505605555373
"107",6.45353653773213,4.21401211479773,5.76144694834382
"108",2.50675963158619,3.61878316488472,4.77922792980361
"109",4.75298939615001,2.36347642054308,17.7438019638825
"110",3.93763695966953,1.48440136387413,3.34956273842038
"111",9.70030174101815,2.59521845612467,19.486883901621
"112",3.45527302954082,3.36224608300405,17.484751551991
"113",3.13649441517488,2.5666569159914,4.38823828964509
"114",3.59169883952281,2.43876863868526,3.48706377482741
"115",3.75748774576744,2.81702263218982,3.44016153504338
"116",3.52961665552673,3.99586537957437,6.71109950048025
"117",3.02661283072449,4.72695202976468,4.07767402097142
"118",6.06434343456145,4.10255585536756,4.2557569308065
"119",5.80467694107491,4.31654158401793,4.25674915610279
"120",4.1252906972104,4.19080039349409,17.0208799502257
"121",2.91575737192434,2.36981178391978,4.80618533982403
"122",4.57537083113229,3.23476242611018,3.96649736209081
"123",5.01430127276627,2.86577055884164,3.7397229185684
"124",4.12756135362811,2.70174400328739,4.59130339745537
"125",3.90780714410634,2.37151177044445,3.89162431964788
"126",3.53064000492824,2.73806941482509,3.61178599854077
"127",3.89350249394963,1.88637598252158,3.24628525612902
"128",4.00013580271956,1.87586924189494,3.19316002484218
"129",3.41409006690652,3.33064289234799,15.4851085144147
"130",4.05611872645458,2.22734328019768,3.99394386968852
"131",4.37867478580257,2.57844805428394,4.52099813990523
"132",4.89211077482009,2.30912986940282,15.9643130204948
"133",10.0887852192316,2.45160463116522,4.26896175077666
"134",2.09325932881134,3.29356425077754,14.3305115063428
"135",3.28978357435907,2.36291493283767,15.9186759209894
"136",2.27697259486003,1.89931120146614,3.15930092653204
"137",4.25944927993074,2.12294137383406,2.96714128964777
"138",4.17853889501586,1.78939795528718,2.98403419553072
"139",3.65686299420362,3.58874214598909,4.38458632026208
"140",3.74607297822448,2.46484156840981,3.91270141577228
"141",5.80545322172279,1.89386591449664,3.72918492678569
"142",4.08027441696133,2.11707448821236,4.62703134011988
"143",3.82968520609298,1.70760857041135,16.7450499122948
"144",3.76137217987257,1.70256399763222,4.04964623397082
"145",4.48489183797576,2.76606439318882,4.13432571269885
"146",4.13187834772795,4.17927239968214,15.2363548812271
"147",5.75621757700569,2.59322780197038,3.31699466623183
"148",11.0138988507249,1.4643401279408,3.93011623036861
"149",4.43135390125503,2.62426751534178,3.11225717982408
"150",4.19528153306462,3.38910678751815,16.9089387896757
"151",4.94781801318229,1.84256797200402,3.2910894599966
"152",4.4563717148203,3.2458165725454,4.24329830233913
"153",4.74150161887745,3.79364126303486,3.57047879033101
"154",2.83298470129494,2.7368381975041,16.4492691716177
"155",4.09690498025913,2.6118494938481,18.2633183940336
"156",3.23446870917333,2.13758639219256,5.27708600077275
"157",3.48796490780142,1.89331221660683,3.00213716025206
"158",2.86027675174659,2.43556006926284,3.81125706700223
"159",2.89047481975226,1.9882924868128,5.30537083943642
"160",2.43806285954461,1.70249185445058,3.84418528985336
"161",4.34240926723116,4.08699413790811,4.52514094173096
"162",3.53341895837275,2.1234091910759,5.06155556218271
"163",3.56488586545046,2.92512445647535,16.6561298167049
"164",4.00547314653009,2.28028756602124,3.02600156906409
"165",4.1029946439,2.83271843969934,2.66168384235196
"166",4.28572803506349,2.9161370267231,2.75417421540193
"167",9.35074717440361,3.64492993084446,4.34895418221399
"168",2.75238089337674,4.03076927810869,2.77860940848582
"169",3.25163868572448,2.21490328646661,2.46836133912315
"170",4.37404330306079,2.54478615486366,15.518404822845
"171",10.7771353428473,3.27718023715857,11.5895022693896
"172",3.66527931921495,2.81833059155323,3.21051659067918
"173",3.77860817873305,1.89517153741611,3.72100839706778
"174",2.15352742982508,2.03310318145248,4.00740771175754
"175",9.46563041865759,2.9945757976577,2.76951678128827
"176",6.20397926615269,2.12338935439942,17.4930106219126
"177",6.17110152517261,2.30439393887413,16.0299691634492
"178",5.56525840569209,2.81506098818904,15.9084511336757
"179",5.66877340827263,3.16092120264778,23.0744958677139
"180",3.96979573468206,2.6762738216833,4.33656057145461
"181",6.60011570721694,3.54388874188372,5.04246667206289
"182",4.47717693045008,1.46605482766522,3.22909463311053
"183",4.22037101175342,1.97813287799575,2.49277583733329
"184",2.76314505421518,2.62971440497998,3.34476044402044
"185",3.21791055136364,2.08241122397148,3.5192434959014
"186",2.91022416539032,2.8273704758092,4.28140541629766
"187",3.79303448149854,2.21275356734616,4.19360941674279
"188",3.49740184712655,2.53428087007557,18.6950845595585
"189",4.16680607787503,2.17557731340433,3.82068604157177
"190",3.8095557050592,2.5996723528763,3.51646599514152
"191",2.07736970716826,2.00994005410437,26.0764374660655
"192",2.19820794390903,1.54907002180798,17.1254266472803
"193",2.97302641367588,2.27005976472192,18.5259636266186
"194",3.84077380672018,2.14399001312083,2.74001076870535
"195",3.76056937819233,2.34244310881702,17.6774165835657
"196",3.57306319690808,2.52650596783156,3.38345264193407
"197",3.73682434976537,2.20967683777437,16.4382360011719
"198",3.44652074620143,2.42935737099571,3.10536809059173
"199",3.02721246966474,2.32915962490015,4.24990871743319
"200",3.75971152153319,2.64997018892561,3.7598968101737
"201",2.74247183274092,1.87512660358068,21.3458940219011
"202",3.02517298450483,3.02716392384671,2.4037597826193
"203",2.23752629294219,2.5097658080794,3.69801840241474
"204",4.98980183184123,2.5688543423334,4.21718013946104
"205",3.12241099333502,1.84172723180967,4.32352141515223
"206",3.03413281893187,2.60522108402909,3.55699604825593
"207",4.02833511325481,3.4105652854429,3.21532164628375
"208",4.33815024229154,2.62690618005753,15.6881407495725
"209",4.06861326516005,2.54658638042896,3.30522217856972
"210",4.3463214123108,2.60474112723253,17.6139268185594
"211",6.15693792412736,2.30504369620815,4.30542816461674
"212",3.77843997877793,2.23094272474327,2.57063552196147
"213",2.12937319116352,1.55664753583034,2.99251304400108
"214",2.37125931684225,2.33403622542487,2.96979500363009
"215",3.92213916603138,1.9700299696413,3.40118627398536
"216",3.14806263280248,2.07231255890609,3.27556691116218
"217",9.30123230983427,2.69528685108235,3.05627110169368
"218",3.66756228352733,2.9839628783795,3.74623190749655
"219",2.61343634887565,2.04259113596317,2.8485200504848
"220",4.05728564414164,1.09239017559909,3.05353764094271
"221",2.07766435076156,2.05340056189788,2.39202625465354
"222",2.10049477044439,1.39128676317089,3.49608733618729
"223",2.93902867721588,3.2514523326982,25.4674191401901
"224",3.33648127313985,2.42736075094124,3.0048345526399
"225",10.8621860167643,1.7819461628491,15.9683194387668
"226",3.67891205080551,1.5435223217768,3.39851350241486
"227",2.10833165206596,2.40282339321118,4.27647686226893
"228",1.82509477122061,1.39649376076186,3.44703330118525
"229",4.19884694270754,1.14009856847443,14.9730515088012
"230",3.5457554719602,2.34782014215746,3.42757763575246
"231",3.10296631193259,3.06545328436553,2.87828025543683
"232",3.297534963961,2.26426814121258,2.00528029272671
"233",4.11152575443366,2.28975388304393,2.48585955971286
"234",3.72405277410588,1.85250594258894,2.45086155930938
"235",3.00161485979187,1.54767058532256,16.8355639975827
"236",3.1305123264574,1.57154044283238,3.22675758963095
"237",3.39655088694137,2.26532247605599,5.07752867360725
"238",4.20343668632863,2.10523337983912,3.20811278480197
"239",2.93200828570831,2.24207139527319,2.67805305851522
"240",2.27189613073658,1.46267222177489,19.5892271316588
"241",2.02334323598429,1.7017716327728,5.05489812177395
"242",4.22182390524035,1.42803398231141,3.86889277171655
"243",2.31686712179524,2.64240933489618,4.57494299148254
"244",2.36678229690959,2.37152461126758,3.94539221415962
"245",2.70495664169916,2.35978610387526,3.6369535830006
"246",4.14339476691665,2.9265930087093,2.63334126734878
"247",3.23411411951522,2.53191219388953,3.18834993782206
"248",4.44212009451756,1.69155862451455,17.8485387111022
"249",3.30866065292399,1.4068295163061,2.47917930600861
"250",2.73458841427835,2.47880621242527,16.0001953141467
"251",4.32905846474341,1.26146188772004,13.9942167283354
"252",3.06785959595575,4.01694444658777,4.32372655531699
"253",4.29943803076271,2.13683080965092,2.76489429570052
"254",2.31174173993429,2.28654931338017,16.7058984401329
"255",3.97666407128502,2.20459856680627,3.40317981917872
"256",10.6286606815392,2.5858974971613,2.76408238389784
"257",5.39494914427111,1.58593119319703,2.80158345805818
"258",2.23077366360801,1.44526455356799,2.35972619828825
"259",2.16578232650266,2.63488697829877,15.733582068461
"260",1.9315272215769,2.02975177335427,15.0634476363911
"261",2.49874050986875,1.81002018646903,14.3190768363397
"262",4.29334080447482,3.6876225653021,1.97234994164839
"263",4.8797746025679,3.28142955909229,3.01695217299035
"264",4.27800337011153,1.87589296061281,2.63133241370862
"265",3.28384044273882,3.05957455632684,2.44379037152987
"266",2.89358498191986,4.94775036014393,18.2804958948749
"267",2.4001351275997,3.48938927113965,3.57217603243306
"268",2.62659328945119,2.61427722934953,2.1526632599888
"269",2.80350500805606,2.74136827953698,2.93636211563546
"270",2.59011355132909,3.78225078868552,2.51678652350677
"271",1.73625327660915,3.51988877318548,1.89662903879824
"272",2.07266431593083,1.97097988676573,2.09039744891826
"273",2.22095071895926,1.29083010985496,16.5035776288092
"274",1.35165968788611,2.27052140341301,3.10672287554911
"275",1.58430405919289,2.78125442211592,2.1708619000057
"276",3.70076962912333,4.75584239761465,3.3280041030588
"277",1.43309238728658,2.59494732781126,3.54479835812996
"278",4.55470147889551,1.85171990603145,2.31182935594472
"279",2.55570614413076,1.3538726385307,13.705027560337
"280",2.09555287709734,3.83405551096252,2.23869142656438
"281",3.53436586385764,4.04889315353221,2.79490365458858
"282",3.04769385674798,1.96171754341414,1.81861504792814
"283",3.47358353957467,1.41068139519336,3.08015499079683
"284",8.59598399159359,3.21328727072405,2.44930862577365
"285",3.40242940750016,2.50235902779225,2.6772478621915
"286",5.0573507728337,2.33593149119161,2.74713537208302
"287",4.52779014504785,2.50779993364248,16.5528020044339
"288",8.07848929644955,4.42849547786406,5.57254300694016
"289",3.27597726853328,4.13641744711351,4.70585916979518
"290",4.17305213192315,2.07412791713023,6.00968188311089
"291",3.84757428904664,2.92559978698133,6.61325853947265
"292",9.59382841632745,5.0876240074497,3.81636837525837
"293",2.67283096976013,2.92887490535081,4.91730472345613
"294",2.74217881090863,3.35142747570555,2.86991696941101
"295",4.24992668368973,2.24926773606272,5.15582000333643
"296",5.17961993610859,1.99460363628846,2.53026537800895
"297",3.36163136408685,1.82713209158359,18.2974668631851
"298",4.87455390042961,2.45810079408593,1.90183184974134
"299",4.89080338323126,1.31651112153936,18.9403520480732
"300",9.10625854286101,3.02220788553575,14.3948065831218
"301",2.86829902804884,3.44833171775313,5.2267138073493
"302",1.67807083661452,4.57501422694612,5.25737860564752
"303",4.69899127426199,2.99173138153543,5.23131150421102
"304",4.35939183906943,3.4827836298877,4.76454331866174
"305",1.76534768402044,2.55159258738908,17.3800562571817
"306",1.73605166909353,2.53990647148983,5.42976276700432
"307",3.64337725086535,2.90232320671294,4.77422456525064
"308",2.99098769502385,2.42971954880708,4.60172898592778
"309",2.30339411760187,3.63282834888629,15.0451990673587
"310",3.9491073743273,2.35225080449706,4.78980065726707
"311",3.39607457447976,1.8364812029069,4.24077637096809
"312",2.73581480583021,1.64034884646585,6.08681967946707
"313",3.80702006053298,2.10541336529308,2.11515635271038
"314",3.92036525674151,1.2172321573695,3.87155080826409
"315",5.39918051637054,2.47876770748205,2.39408119978842
"316",4.91460816313558,2.9193505198242,3.81671303614527
"317",4.78774053681199,4.97882640350554,6.33276834388617
"318",1.93729326540505,3.69685981909909,3.71833128378145
"319",1.74743131061815,1.77634654160978,3.51857299764065
"320",3.65682927792954,1.85807499238723,2.00966927174319
"321",1.96906684221119,1.45388912338012,14.9518637168884
"322",2.39343893489204,1.6597217928034,18.0081904951371
"323",10.0496741037086,2.23240777912009,6.97096253417113
"324",4.86009960871876,0.995882655981253,9.66182434036442
"325",1.76898222831446,1.46631463525659,7.00060386697285
"326",1.4516164011723,1.83561844914961,5.98081510879954
"327",5.52732788863975,1.25571979922013,5.03986434626796
"328",3.74197224777562,2.96298839981199,4.63052816062566
"329",2.83473408450864,2.38887161601596,5.08655365421373
"330",3.71615247189951,7.55679717697116,14.7797190332138
"331",2.6231818648748,2.68471232808525,3.39997277033955
"332",2.87754984054311,3.04566478392104,2.97684782767261
"333",3.11282150945039,2.36208198521303,2.70861951581006
"334",2.8365105037378,1.76688183845305,7.51581426671841
"335",2.53206017772491,2.2272004193221,18.4164604334341
"336",2.98463517952969,2.69116234422777,7.58401361855195
"337",2.25523721304079,3.65354282240118,6.1515905723375
"338",4.447189305583,3.57689465517761,5.76234573014133
"339",9.30080384857425,3.16504442775686,18.0894364143098
"340",2.26977067206821,4.2525985635914,5.42133575548388
"341",4.56679711208761,3.33230048020397,3.51491737395735
"342",3.93272006443665,3.03201054648255,3.88042118867337
"343",1.7031090657454,2.71209912230217,3.10154581578675
"344",4.0312417262106,3.26060542681741,5.11565681146517
"345",3.54726181611138,4.00944031804482,3.96328589237997
"346",3.33086654880594,3.02642811061439,4.00592958431665
"347",2.69227265017279,1.06956000413457,4.01684021605724
"348",4.19942469551442,2.24555851416354,2.38285275846187
"349",2.85943679355105,1.63585242602568,4.67730939375288
"350",4.13913974951501,2.17952757414491,16.1311983126713
"351",2.22812962253382,4.76541843853618,4.90478127058896
"352",5.79309532106505,3.30219775592043,7.77127368913174
"353",5.46062998688156,3.1354670253362,4.9138974868335
"354",2.32618614136731,4.50736952612113,6.38891945102725
"355",3.77474211895246,5.3565718971819,7.49306805489494
"356",3.14746099948304,4.95619253082491,15.802156730268
"357",2.45417634385625,3.92668850974827,16.4518545009768
"358",2.63324212757307,3.0416523513467,19.1957345555756
"359",2.4162981994776,3.28461002533927,2.79019331279758
"360",3.71192846433516,2.97083338327264,15.1109601450219
"361",4.39503505412097,6.16821022899274,4.43075472380258
"362",2.70867454761285,3.05693556299585,5.10458745421775
"363",2.58135144580043,2.40761793047731,3.39187933874623
"364",2.74177080998128,4.09023704851125,4.79473744076691
"365",2.73257624639035,3.68681210868879,2.77346600089683
"366",3.49352909974554,1.61404291889577,2.19939377418366
