"","JEC","JSC","TCG"
"1",161862.298564127,39118.8417849346,66207.5997285155
"2",2737.37289104094,19034.6024426818,46302.334629873
"3",1740.96880085995,2258.81967663692,106552.057269832
"4",25885.2567768956,662.069291431445,88158.3268676666
"5",33123.8266564078,21913.0344559357,89835.5543131866
"6",1622.79032419521,2083.61038273636,2608.01280948054
"7",4114.79146328929,5013.67554807566,1240.12194487956
"8",239.976923605727,17529.635346373,13032.7842734734
"9",216.94111880263,16176.4069198592,25874.1346815542
"10",32.2633594583771,1272.36343232277,1530.64740206263
"11",3067.77797242323,11342.4048544869,3601.87865068815
"12",21283.4354922891,2563.4650996015,2935.04538735393
"13",3276.3603877701,35573.296326765,3497.55900420035
"14",5606.89704682872,2929.47619012857,39103.9140889215
"15",2877.11648713747,3232.56521555606,783.138619698075
"16",3915.07605244819,28743.8022087404,2561.1790973592
"17",147752.872400375,21182.9298584829,1354.51980858551
"18",8136.2018254853,42814.306308043,222096.080817584
"19",70464.3392660765,1970.97781277232,72849.7446708523
"20",53106.3552645027,47223.9658673223,47595.6897127234
"21",14497.7054791257,11545.9744245378,22325.0470422436
"22",30731.5306663201,12515.100668991,90012.2226000841
"23",43834.6423762924,6692.68001620042,15911.5325731427
"24",6281.70146471073,6174.29842366896,38654.3875721151
"25",25063.2998580582,10059.3010036512,31343.6792584953
"26",1282.92065698466,62908.4443409119,14788.178828633
"27",1283.801965268,97035.7999405138,7427.72549037012
"28",30576.5390493686,9251.02064491506,37244.1367711093
"29",4354.51626679306,11275.2495540428,74159.3402892226
"30",13534.1070521638,4255.42263974919,4572.59286544008
"31",7503.38167771115,5614.22502668977,12263.2753154916
"32",2781.19838086907,10807.5469657754,2443.73955284078
"33",894.920427067414,3243.08885876165,8528.55840633718
"34",15246.2898499498,7139.15398298121,2128.46704159016
"35",34148.0777173324,25879.4221464844,630.115611715371
"36",18495.7413858055,9102.3805815863,1321.92187354859
"37",17690.8214585277,27510.8300284008,36179.7532165052
"38",98.0274079021953,283.43323605274,2266.93656493771
"39",5615.72894302462,4011.33328525872,7970.29341165865
"40",671.872296900995,6673.83751137711,8801.72561323185
"41",23216.6827257328,2127.70745984934,6094.15674754509
"42",10178.1326366984,18896.7691001053,1038.99158550913
"43",172.553221740005,3227.36978485006,596.997287640256
"44",2220.37074667841,37.2755477972899,2922.87511376942
"45",974.855761439625,3059.6581799197,670.999086588659
"46",541.127488389689,994.049746022986,10341.9700361383
"47",9028.1296727602,3171.49192552432,11079.1880422486
"48",2205.03163328684,8381.35086566917,5530.26862088172
"49",7916.75148184059,3788.26690170192,13784.074873136
"50",570.3677660134,9174.41147721866,3097.80243795579
"51",5284.21032281182,4553.28768424439,4654.9921298001
"52",18575.2403362955,27444.4578592481,13214.0417008427
"53",10363.4063692658,7700.85140020091,14238.8117600417
"54",2484.58930393623,28438.0811288595,5211.89052586039
"55",88981.0148995225,31343.2614167026,31869.1845361416
"56",9962.87276487745,26379.9614321304,10628.9781785148
"57",112229.408951988,5083.50798463309,349.86974033937
"58",18794.1645644633,1002.28075841056,8305.73254467505
"59",19857.5161877469,12191.0583146903,5811.60962092263
"60",21422.1030593961,58605.1233786289,12293.1270979245
"61",31795.7890651437,2365.0134404298,1473.54510778119
"62",30181.7407512169,11972.7457209588,4349.13579246551
"63",9459.71303049412,231626.231079608,13878.0141728105
"64",2395.42877351631,25868.5208461444,8985.78876652116
"65",20193.4957514537,48539.4160204182,23627.9349244347
"66",59593.3590542428,11303.4308137936,7110.88065191816
"67",18417.6152528941,20442.4740007284,23075.9496884141
"68",416089.862901817,14275.2528893324,13038.1276206895
"69",6295.19992226553,38118.1688986917,40184.6308530335
"70",20250.5614428601,1835.07782249597,11737.2102474946
"71",20381.4662628455,4960.34456303466,435.555179353184
"72",2719.13162886563,4215.35078867284,70397.4146764687
"73",1248.44651951932,5255.59905451914,21608.4762382441
"74",7327.24723317045,66.2431087103532,35790.23477827
"75",5672.55178856945,2299.83928449533,67061.3140380915
"76",702.175540027717,642.786195758851,16661.0474267036
"77",12089.2906573929,1316.07703515476,14833.0378663298
"78",187.202964676344,2978.65450977298,428.879408348395
"79",3426.93509575824,988.693428741258,10205.7758368042
"80",13737.6898509624,584.903760238357,56950.7912534538
"81",6091.68671300549,2162.31820024445,22525.8193583016
"82",86786.3448850143,2703.04448575115,733.91121288
"83",1197.59688750538,1396.28128363437,2012.98092531136
"84",456.277538637585,2844.20957579375,18887.0103210624
"85",204.506762447374,620.82341197644,4028.72914705377
"86",5372.91029761316,6757.2654448088,7132.85809671581
"87",68374.0289937463,12860.8882731436,16002.1591993475
"88",11740.4776603305,9488.82445838265,6417.56555380247
"89",8322.19843738383,1145.32529478381,9369.00017088379
"90",9286.51644770517,20879.6406317726,6952.77109585255
"91",6363.42533495013,4691.67973942387,192600.561584981
"92",20704.46727359,4761.29587604411,9282.09242363859
"93",11408.9836476376,2847.50796032466,18484.0764146179
"94",25898.1539086444,5449.85927499699,12127.7356459462
"95",2443.80553336333,777.877807637828,552.079973036242
"96",720.542500323919,4951.3586156794,32.6267264399858
"97",4274.82019703378,656.183504878083,145.303108845204
"98",38357.5368964311,1156.11649289244,1440.16147298457
"99",25779.4405583028,165.174627132114,5522.61721838055
"100",4714.75423003433,7910.15201037965,1813.50323720156
"101",19150.8382680164,4123.59384857408,8862.16216161463
"102",3834.23824715718,16145.1279593128,929.918360259737
"103",4707.989244884,1063.89467355485,14264.8217739023
"104",7188.8971101339,3185.60127749127,5612.21157118627
"105",9152.12900622197,3526.93136899971,27581.6043010244
"106",61525.5627109702,10936.1934889752,2937.74155161082
"107",188593.036020584,3705.43960168446,23925.6167078086
"108",1452.80228452822,48999.2225136847,8032.86713958974
"109",3028.9980678056,555.214599786521,1126.53997687207
"110",8890.76894994343,350.686830850386,8016.70616187114
"111",12311.0635696656,4496.1748806835,8417.10474414548
"112",9920.46022902654,14669.3513271557,22578.197616831
"113",2339.93004226108,439.582820427564,21477.1591987904
"114",8348.77269837594,2153.50184077146,19445.5699871125
"115",6271.48233661792,3018.44288584916,67.1165361427291
"116",6707.96900422097,20728.9778942808,27753.4057650591
"117",6122.22946617763,3305.74764234938,841.897033015789
"118",32315.7290236114,39860.2030716666,15246.5303958872
"119",50168.7962949482,51729.9350902172,1349.91058505153
"120",3618.71453551512,4232.3139362267,1102.85970806844
"121",21694.4963970533,4351.02333767351,6125.33126779867
"122",6957.43568195009,6677.61619367001,4843.22918827956
"123",37668.0454496239,2654.36513385885,3399.10295218456
"124",14699.9964007404,90.5336675817017,12397.8988766326
"125",6118.45519630449,1066.39752887408,1410.09189870398
"126",4262.53117121045,1331.30180914833,2267.96231824793
"127",27006.3271913394,813.336133787006,7184.32657407876
"128",16576.8847070883,1615.35939533279,2964.25604191838
"129",31068.135537238,3827.60326151564,100.828159246149
"130",8692.79303234248,7524.57886682002,8204.66210102426
"131",19171.2751177719,659.570700342065,3601.38563492341
"132",4928.4251077749,189.404640186513,11078.3522840859
"133",19703.8455578571,10409.2833994806,21831.2488282204
"134",17503.8797220827,44282.9062143939,24185.3373353446
"135",74.3499773389984,6800.36641937226,9581.02772587342
"136",1970.76864440795,2388.5559492702,395.164843201039
"137",21965.0308594897,2551.94828165899,78.1511266578511
"138",22528.0809478841,2715.72320613672,1831.20881070515
"139",19774.6424916322,4518.0398378246,933.481783564831
"140",11366.3489025961,323.988597205882,4709.29376497437
"141",48375.5269064282,563.133549364396,2069.93702228986
"142",4896.99560104836,89.1288796281732,25032.1714084532
"143",3600.27985433154,260.529095612246,68.1714746021111
"144",15847.7282053404,255.230272106454,5198.28835379
"145",1658.42040330924,607.769198074736,2013.1935133757
"146",69323.8938064602,1427.84768346092,11612.5251856543
"147",40826.4968244474,417.294078404025,11208.1235616159
"148",38593.1758630679,258.51105725312,991.028982798417
"149",15273.5118379998,1138.75650794096,965.354560423254
"150",32950.667041022,1776.98712574091,652.163885978499
"151",37786.9775801313,9681.77938150486,3731.92475036049
"152",28922.1916011447,9693.97656589025,9254.7821652679
"153",4381.83414734439,16410.1240249183,5742.69753246876
"154",3888.27804112058,1702.02251914632,2893.08046145731
"155",6631.40356363886,139.180850502676,425.326239483631
"156",975.018470544573,1938.46236178896,18610.2602393955
"157",4752.27032895685,1741.83880670069,180.172508331686
"158",3017.10626528733,2261.38924767676,1674.41867235087
"159",4936.00520431289,1066.24347405796,26362.9521276435
"160",5104.38422439418,116.030547822088,2353.8739460159
"161",25411.0612595405,19885.9727126768,16698.9039850194
"162",5765.34537604597,1192.69268762231,4121.06941652789
"163",41334.1575795123,72.4888953763157,501.418023451159
"164",7140.96517857769,2109.44907286311,2624.80418220858
"165",17077.8321919439,7803.57000549494,2175.86230291812
"166",16426.907049148,4433.6504295355,1801.90873354356
"167",1313.72322816725,5003.05949164771,5784.87178648363
"168",4207.47961691587,2095.07175533641,4841.37316785247
"169",7191.07263019229,1324.79632649771,4842.10933288117
"170",15874.0554002503,1324.05507994766,209.208989970985
"171",14683.3223459336,744.011109258433,2264.04499126121
"172",13822.9844671869,416.047319165008,3623.81230864702
"173",60557.9219270787,223.594744057767,2929.13691534908
"174",1998.7462732705,1175.61546823931,642.426799062223
"175",7100.99108183721,11897.5626403248,215.593535052652
"176",12039.4781220535,1951.1778776447,2559.53272966865
"177",5334.31959528025,1796.3922404573,1335.29256631357
"178",42464.3474617438,128.117234758774,113.481865738157
"179",17413.9372273117,626.840866885201,4402.5089697143
"180",16551.5967082806,5873.64905779731,9554.3984809856
"181",9539.34434902691,2076.01994497495,10750.0997144667
"182",11864.4158027208,326.641305509019,745.885941888247
"183",4294.53115422519,443.982909092827,696.160211340364
"184",2607.03030064376,306.367367120002,1756.55387474601
"185",3311.79837687351,27.0208191518201,2644.94230361099
"186",3943.30419302235,1927.32282455026,6789.29728522462
"187",6436.835897894,1165.43272988285,9029.68551119122
"188",2656.50809578997,10646.6921050663,7224.1110922509
"189",6952.69009590755,1341.21422213753,10147.485923645
"190",5763.933918282,414.824443913533,13995.9277142606
"191",44.8947977983144,469.245932992333,64.4827470211318
"192",487.416418300603,539.658546407713,110.903144026033
"193",9557.38662671417,3811.18775337633,15520.3979784935
"194",4250.27971565766,3840.13089573442,3078.67540648678
"195",212.340021967688,2337.83896592875,96.3546922174455
"196",5207.24735777757,3782.15536458338,2325.82040289513
"197",4127.00120296094,2290.85952508805,337.699494718644
"198",14721.3523334197,648.438278477131,8218.00645378177
"199",2443.12642226341,530.589672461624,6758.81956841825
"200",1941.07357322138,1077.2950947057,336.096866460517
"201",5470.22373133241,298.926050005897,144.190544642346
"202",2553.74476558728,1202.76442822253,116.887817318201
"203",3984.91535361675,2571.37443820959,493.378198104122
"204",6685.41593941129,5939.33035561658,1961.58413788305
"205",8213.93108304165,529.214674483476,547.745893831631
"206",3437.40732062513,1269.45306334377,10546.8030429594
"207",10440.3629775698,2972.91434852947,3751.87433033746
"208",8084.88926720917,383.803310568767,97.2051170935349
"209",17584.5566840089,321.910648063419,814.310742432532
"210",8896.54064352509,963.381806110331,1600.30307359511
"211",7573.81938149371,4113.53670788601,996.381336831583
"212",45704.5749761769,691.121850591075,494.542149862983
"213",526.082005567602,4551.3837117609,2393.38793120348
"214",1801.52272950026,1094.69040317214,4295.6632574176
"215",20624.2440324109,64.3775291121113,3944.96754802945
"216",1574.38389924088,647.898681297113,12875.143007931
"217",34013.9025783021,1220.91330112349,4414.64727123169
"218",36625.0405553028,3872.90293743859,4458.56051014717
"219",5368.74981841648,1324.2097503338,1136.31560859488
"220",1093.3795133165,230.357065322736,2171.17204269456
"221",101.611864541923,828.085548521512,1391.19350062448
"222",3808.1657343637,9.835151630492,9699.52112813734
"223",5824.34465936936,790.287521308306,95.1153537541263
"224",3395.96843673914,32825.4023105138,11867.0748832599
"225",4697.28396238246,3578.99500318574,3154.05801504217
"226",7533.43972556637,154.513203763555,33776.8404152503
"227",8636.29510539682,541.096184361195,23839.1317400345
"228",1228.49391831473,25.7873863730515,16349.7544987618
"229",951.339180860915,113.974514243927,5260.5322030114
"230",6307.67495723692,636.000249119765,6102.77912793689
"231",758.60346027325,4386.03941900764,1549.02099021791
"232",46299.2630346788,5365.6646855542,238.569412384175
"233",7792.61175340843,6442.13510521729,2169.48446195398
"234",51.2989562601992,1697.90809995661,1642.66496614825
"235",163.633497500528,462.812480479287,1988.68777469408
"236",3078.18020035113,156.941959933097,789.741760994442
"237",16364.6766829914,366.334891317915,18676.21012687
"238",14721.5322508214,289.368123889605,6039.95292699094
"239",1298.08561379028,403.997088362222,973.388395949598
"240",1019.84113068522,46.3569478877144,6520.91806987106
"241",1089.78523398825,828.366903079473,7106.99050962873
"242",570.624905704981,78.4799584525275,91.6021274894539
"243",7713.99682804661,7753.38846864488,6822.06614319907
"244",4001.10214955679,1611.86666850593,4847.81474489465
"245",9605.0170028929,567.17592996671,1158.71565693269
"246",3122.42682186577,2552.44051807988,676.196556928301
"247",3324.10759681205,3621.51594913098,17784.3212264825
"248",1666.30416733226,280.373683814817,7300.80287118213
"249",2903.42329662446,164.513957122946,9964.84823652485
"250",6985.79235220684,589.87346856683,736.943216756917
"251",20149.2624583198,95.2129166158256,2340.66891384028
"252",61904.3066840601,41399.4842888472,4895.64208656602
"253",15670.3507670802,14743.1908450447,767.96263926867
"254",3915.39610677074,2274.32045195886,3667.82730592597
"255",14828.8826872072,1484.91019615822,26341.849843845
"256",23847.2941297113,345.387676843669,7360.69720101939
"257",649459.705148614,865.88941966065,10559.9428883331
"258",1656.7294451791,905.358617442985,4566.94538502736
"259",4752.83616020367,1487.54750931646,1697.853039761
"260",1079.90223912017,3788.02189387558,8374.23034108582
"261",1044.75174236277,1407.2624268471,2816.01971377772
"262",51251.7279148049,9189.71325507787,2422.80727721377
"263",21591.1953210347,15769.6210683483,7207.30848758862
"264",115024.586701209,3581.65955940521,1081.12242092805
"265",11148.6952949576,1629.26391513104,50.1447176735997
"266",15714.1567930404,69794.4279237259,1150.48181640739
"267",7386.37030713229,4761.73671869433,6339.62304709849
"268",8412.15260228407,4469.92734107327,1600.74193037406
"269",11324.2898270648,436.599839954845,2628.42542935779
"270",4855.23324028672,6633.82195969732,2648.23164350043
"271",300.591908679997,285.696221150235,2120.50847074197
"272",840.636766395577,787.185908158388,3896.48268880297
"273",804.119673803879,6.6154356609157,800.040678881701
"274",469.505811979296,9309.11833016937,16869.4374691207
"275",38.2119225212872,22554.5166645469,14656.0660743995
"276",26205.0114408658,22390.6067724881,31988.6424374056
"277",156.855163091869,1987.68111954923,38879.1572126212
"278",27872.9673380773,46.6368609866426,3868.69827340031
"279",33154.8053332332,78.6721412482361,1681.7504483868
"280",13234.0327065165,4983.31235011488,1472.5227928942
"281",11311.8692858771,46426.6037908163,3409.70026229522
"282",2295.41178332056,3684.50707389762,404.860616392506
"283",12593.1426107092,743.044352592493,1038.94030804416
"284",42191.5974984351,1764.17298267826,2087.97722221046
"285",18538.3831696245,8379.49321807544,1511.90356404676
"286",61418.009305376,2901.14645715633,7746.67296828165
"287",29730.7941184116,10941.6215210406,14364.4114623004
"288",36153.7101555871,10662.9099636893,35873.4112454014
"289",3214.27473896254,51487.7803006626,24944.4051051397
"290",5510.14082932106,625.72652042107,1394.31990001535
"291",42854.5720236594,402.71348660847,8469.07737878587
"292",29187.1218279924,9293.52741339919,24513.6926473177
"293",21617.2367710451,5751.51211910664,29277.7044209671
"294",3262.43055049583,14137.9234885099,3737.41466894973
"295",9353.17581223958,1322.73208529999,4195.94271047305
"296",24853.5945830099,144.557267733007,2926.63242194149
"297",2978.11443929457,1123.23226864457,268.525849593631
"298",7930.61432741724,258.889158780379,600.109670475969
"299",127427.19385065,104.125773224176,95.247211283185
"300",4040.94904785972,442.179054118929,11794.6048495084
"301",1215.46673580372,17477.4906256917,24733.8403620242
"302",294.439285185566,30048.377462993,32044.4227059716
"303",1648.55717991681,4377.60250402191,30756.929550132
"304",1897.6219425734,17797.1593614447,22393.6091634223
"305",2212.43368380523,1937.98682493455,8831.91999450875
"306",842.500876886524,1157.49512452015,6919.93921980805
"307",14690.5301544358,8213.26290033847,5384.57744518614
"308",52246.4710565368,14265.7492204842,15100.8889516575
"309",1456.36892507904,6267.8588796407,10762.4793185235
"310",8255.63570480031,3778.81503971061,31050.9905804854
"311",7840.67634684373,2380.26149508264,60693.8917682674
"312",5159.97794806231,447.852239937592,6812.01458205515
"313",12085.7879082326,6627.98474093983,2368.2171547227
"314",14089.297431899,156.217799188215,9561.61447882329
"315",29759.8969344072,1786.68795860786,3942.69832232698
"316",134709.688079579,6404.95283013659,16616.9273208415
"317",38251.946159351,18161.9353287337,42252.6621556938
"318",172.644133987189,62707.0443629274,3733.99951739328
"319",2006.92006128368,169.02994494509,2872.4726920373
"320",2365.53586352215,2492.50896613995,3391.59702823013
"321",1087.78617694352,124.38040355206,15492.7184121162
"322",5427.46605099507,139.242739063385,26188.323302759
"323",4375.24060777631,859.613647944828,50783.6452982263
"324",1057.95268537615,321.783734704778,49651.9282504853
"325",884.164704438248,86.9167695310622,105064.476986127
"326",2945.49669147062,1514.28679322534,7291.62546914201
"327",21272.7715236,2141.17704005455,57813.0041003928
"328",120115.008411454,13058.9963816676,36189.8043311719
"329",10416.1251370445,1719.72484706957,10231.2594973936
"330",50110.5178452792,835.478483479572,1088.74249115704
"331",1596.03384405503,2319.57986115106,4286.00569563087
"332",6813.44441080911,36041.973968563,11842.3061566092
"333",2718.41261971264,10395.2906164414,5298.74002073126
"334",2949.05274526687,1293.09290129702,75683.1153535181
"335",3478.94475512757,1238.73330678119,22220.7666569022
"336",6390.81428894446,1770.31352813636,36953.1686835151
"337",1509.89273664142,502.938704127257,19605.6875219142
"338",3324.45767887147,1605.63086068519,39618.6344892629
"339",51473.1067952561,3228.73395402549,53898.6451190547
"340",226.79293765099,89510.0378334815,8572.68686732013
"341",19618.0326977264,21154.8719209013,5188.78454804867
"342",4776.28974121027,6624.44122305945,7093.15038538538
"343",2179.65537560938,3043.95150460775,570.138991903397
"344",5925.48331747358,14617.3518018465,761.203331177914
"345",2265.76200951797,11292.1350474872,3088.42584417634
"346",5431.7181268791,11217.8750971766,12712.2960456495
"347",2576.65710183042,212.561077037643,2118.52719515298
"348",12696.9183909945,257.77664976899,1406.86474386859
"349",1515.99700313224,594.080550936298,2269.54104983537
"350",8363.64593070722,626.554122490752,7166.33161271957
"351",4421.13926301472,2927.12259923637,29211.7112331162
"352",1150.73024374787,2773.96814516109,20753.2647309101
"353",3974.26381522119,2414.63379654012,23303.0624054755
"354",10336.494259713,19066.844966103,44855.4649754759
"355",23822.3194463991,39754.0331216525,35785.6507201142
"356",4236.61353721737,61849.2184420901,9420.66290950099
"357",2707.33601003546,6799.98260912975,4088.31787179485
"358",11838.4700513298,786.938975501526,20905.6759879404
"359",9283.76460646914,318.26153139156,2648.99179781575
"360",4622.05238627833,23004.4507139036,4010.05913114358
"361",2382.41274167855,107113.248757822,7258.86898214271
"362",1306.40190080088,5432.47555597236,4899.02177328862
"363",2185.94549317542,4677.54290463766,1717.03770742339
"364",2552.23746788766,3901.29751193996,509.316274998011
"365",388.051689255184,2058.09982545369,2399.94450965658
"366",44127.8960145994,2159.90270551079,2753.43854690802
