"","JEC","JSC","TCG"
"1",6.48519522124246,5.29994642981033,20.5468895394107
"2",4.27471948403326,5.27804894902113,21.1938383515695
"3",4.95846701292985,4.85486744677559,24.6880981556964
"4",5.70823971748058,3.29064434758297,23.722948763497
"5",5.14296188574385,6.52931497993735,27.5827265313825
"6",4.16176167832899,3.38366380423538,23.1976489271151
"7",8.25535703294818,4.13659361526155,32.0801197437362
"8",3.47917385924065,3.03910449952593,29.905428201414
"9",3.41422170411944,3.52295179731093,24.2099177714662
"10",3.69431242471671,10.9239969813853,21.4261363170289
"11",2.88021886998789,4.21718966284121,29.3931094591872
"12",5.14133705640968,4.47962239609082,36.2818060129372
"13",4.43232674118749,4.78002604120144,29.4940207473903
"14",4.95370310339808,3.80189966374793,26.440103061133
"15",3.29472673585007,5.40142856505073,22.0044690593597
"16",4.6335257926851,4.43115285553821,23.8704655948458
"17",6.24219479412289,5.60283893344148,19.1349799512375
"18",4.25105523357028,6.60787529520444,21.7905420842764
"19",4.86961826844382,3.16857019691834,20.7732184032437
"20",5.17148869382147,4.20314222570054,24.0230466840621
"21",4.82930387790983,5.64889915409079,15.7962538057256
"22",7.48805014679426,4.27055976716788,16.797694459512
"23",11.2575353080393,6.29856727564959,42.4010528505734
"24",6.4048273517357,4.91015473765464,25.7660769969448
"25",8.66229607091648,3.51276263560013,17.5566919945988
"26",3.93274403257325,4.79854903020526,18.7774061648628
"27",3.39991099131033,6.80166446696092,25.4730773430457
"28",7.1420943097591,3.50834476915552,32.0028461408053
"29",3.82350665288338,3.84307017022573,26.180785230826
"30",10.0692710154655,4.13115119186961,14.1198336173085
"31",4.48393713048935,3.77628638408109,28.9611092159947
"32",7.93120584426849,5.52850056623679,16.960526568507
"33",10.654152724406,4.29093666234765,26.0681828219401
"34",5.48063132894591,3.19660346056425,22.6818020964725
"35",5.02532595731559,3.65053574173442,36.2086960051396
"36",5.19427437629872,6.80734909612959,38.7655946726899
"37",8.09728950451987,9.86798926410023,20.6190400528618
"38",5.94165655020896,4.78211885234095,21.8905069279797
"39",6.36609739484658,3.66040637672652,22.441436332883
"40",17.4802382341996,5.04581050060709,22.2642935310615
"41",5.44407432587949,45.2084446858019,20.7607362312392
"42",4.19788245690356,5.21273848199965,30.0932262851808
"43",3.88571929637787,4.46353155479574,29.794855851968
"44",4.33846099635245,4.29315599379078,32.9468014518419
"45",3.91901496312614,3.40981282644998,31.3897338875105
"46",3.93944461543632,4.41487326816416,32.0185919108334
"47",5.16127892932754,5.17158227197488,25.7651081805148
"48",3.01388739646373,4.73656807703595,26.5204441174831
"49",5.15778100153621,2.40025283779807,24.2846055466481
"50",2.83670461068336,2.93909409332821,15.4424989214989
"51",5.1346317670374,3.91899712192775,28.073255527072
"52",5.73798382610818,5.40542041959261,18.7354899690426
"53",6.74261828225883,3.78523585972576,14.5619923884952
"54",4.8408075857632,4.16343060375625,20.785086115489
"55",6.32257249232508,6.00720715633309,25.7454833583316
"56",5.96716697991236,6.09456353114812,15.150200650385
"57",8.98547377379597,3.48929651401085,17.368470932833
"58",4.37570847386768,4.41457278822949,41.4263718852567
"59",4.67233051412955,3.44430403409327,24.4143894606027
"60",6.38512249796557,6.05724409677065,23.8560175257894
"61",9.31228547361768,3.9699193806269,19.1579267614976
"62",4.81437429942865,3.52890298194328,23.5048272541964
"63",4.23664911561118,6.45179051642766,20.4552433294331
"64",3.94522842730672,6.39894243888146,34.8476058294805
"65",5.82968398040496,6.83000850801479,28.3215960917453
"66",6.22863530464983,3.25152311496068,16.1476664830351
"67",5.15541149738235,4.76539823235011,27.0345530190904
"68",6.16587157066564,5.32973178523445,23.0349300475818
"69",3.19038561704592,4.71090029981747,28.2071454461675
"70",4.05845725455251,4.74630139175149,32.4234660497356
"71",4.62623456887983,3.38980308781461,25.3262448558888
"72",4.77203031592264,4.4398626006683,22.0731941544962
"73",4.54749809281804,5.07792466772497,24.5202001536069
"74",5.08361996512761,3.65028555891834,20.0812396478102
"75",4.22439004209675,3.02444230612836,24.2456478090506
"76",3.86171531384388,5.56475240476533,31.9503777582264
"77",7.14949973759256,3.14209943316126,17.1893128982136
"78",5.07562246380633,3.90564049917722,22.412973517612
"79",5.57407277227525,4.33290150540414,33.1779100804515
"80",7.26229656953949,3.3296858596082,28.65569898096
"81",8.12500492981122,3.65107297536775,38.5350229659651
"82",4.92695485113946,3.15121103705035,31.8339893846306
"83",4.13889871655355,2.82518036476379,30.1966410116537
"84",3.99831298214434,4.51808575677339,21.4149150918328
"85",3.32602718530626,5.895709711803,42.7633103569796
"86",4.7413064592212,5.39343941693614,37.0570420087846
"87",8.48228858304913,3.57331111563752,22.3794325536317
"88",4.07457914969756,4.06071740230918,26.9117638914108
"89",4.99021442616639,3.66809474946569,37.6604475323271
"90",6.79666884527858,4.49649075506793,21.1595672253438
"91",4.35563211416494,5.00165666139065,26.0495066381276
"92",4.88372577018157,3.44888659554205,20.2300131170292
"93",5.41919895927755,5.02455508982254,26.7609771431117
"94",5.18384231057095,4.41137934328704,17.9177000813654
"95",3.99420769440976,3.09351267949543,34.0990450155797
"96",4.07504413907992,3.23420614330854,25.9709891313327
"97",5.70570699475052,4.86382854429992,27.1605138946598
"98",6.64313281977309,6.18492690969012,34.7614370056164
"99",4.17458409022858,2.24125682614967,22.6281634857003
"100",4.68504700065075,4.35702724844591,26.534930702376
"101",4.53975210979674,3.30918567127254,20.6894782900764
"102",4.17658503770309,4.11251043125271,26.7419342270296
"103",5.67313774800486,4.82046890198157,24.9450516800737
"104",5.93984915247946,3.7191983219894,30.1048765705717
"105",3.80204231969329,4.36802963578985,25.9348040732707
"106",6.23261221415307,6.00794520729542,24.9793174278975
"107",7.81908640750107,4.45199217211564,23.8663364361054
"108",3.9262200592765,4.213763091862,24.8155263515207
"109",5.36025039986012,4.83985595942619,27.7901724634451
"110",4.54299800214196,3.54835595792226,25.7019559494884
"111",5.7639669241216,3.79771924615013,19.6717584220485
"112",8.14075459887103,4.10245171120946,39.1719197274818
"113",5.70981634554258,4.81295280875588,25.4358169512189
"114",4.612549968036,3.73540193644066,26.1662757764452
"115",4.68543916001124,3.24011572641974,22.1111027983199
"116",4.25406433650943,4.81229446536283,29.786748779976
"117",3.77469015634496,5.47350554020349,22.1485102285515
"118",7.19836867068937,5.52337953033136,26.4333176925827
"119",6.99326358862875,5.35703092387075,30.5654089651699
"120",5.27934334561378,7.76963601681352,44.4023550229701
"121",5.84700294945908,3.77798065124005,25.5764173447248
"122",5.33112664018619,4.33527722359572,20.4869556871777
"123",5.90761452122941,4.58538980289604,25.990382830878
"124",4.36030156522061,3.19449177916222,24.8965872612064
"125",5.06596183314092,4.72380553736792,26.2925867268011
"126",4.66684836025234,3.41285577223287,20.4712839496512
"127",4.38738107156626,3.56883995677247,26.0183624216586
"128",5.2342239846126,3.42800869071379,32.3407119872838
"129",5.18387947063351,3.96190641489691,38.4991049940057
"130",5.68341688053545,5.00653372887032,21.8187400872513
"131",9.6274433812559,6.06082520370946,28.0067648558148
"132",5.85017564845021,3.33897735770401,40.2141485730449
"133",3.62111500923269,3.73923718466905,27.1454187665314
"134",5.47705053870841,4.39944795499477,38.5346874261522
"135",4.96575114921573,3.50496021508103,40.6877995255733
"136",5.51534999398369,4.68603839816979,28.3951981084509
"137",5.20821964075401,4.82898511097002,26.8431965367105
"138",5.20485975425136,5.16477196375087,25.0605333452758
"139",4.40477053977117,4.30989451498735,29.3727640456839
"140",5.32036636512771,3.50648534032397,31.228095255327
"141",7.1462451667695,2.50628552716801,27.9737835564224
"142",4.87839401501854,4.00183817336078,27.94712512396
"143",3.82656572319813,3.1468866707875,26.7122976000223
"144",4.85134289881345,4.53406021908853,21.6511472088397
"145",6.42676407067756,3.9235432260714,24.8526332385215
"146",4.90507913595857,5.92963374149639,34.8823916594147
"147",5.99892140176459,3.91917986997528,23.1427373429455
"148",5.65051014753247,2.4854002975234,26.6911132927293
"149",6.25370439678207,3.26348058526064,24.8927452649256
"150",5.2244960448964,4.46919927387615,29.4874981150237
"151",5.49822053280684,3.19926888083389,24.1642257431001
"152",5.68715274559696,4.21065522417046,29.9031270676645
"153",5.48379065667571,4.4197145570095,26.3833157952654
"154",5.25735561461812,5.18714664498848,21.8835617806331
"155",6.23399923650687,4.26901492296573,37.4917942915511
"156",4.95532219688708,3.14815703246394,27.4595372639947
"157",5.5935581907981,3.50474382355114,18.2683884520507
"158",4.06084718531453,4.45881183898458,22.0125284947983
"159",6.04040830342251,4.4898660587472,23.5134099226584
"160",3.43305093080059,4.89429795283995,29.1478346661452
"161",6.13063476967397,8.54603839681355,22.5108035424825
"162",4.27185409556184,2.64352308031511,22.2294720591148
"163",6.17760557144728,3.16129427880106,28.9202811876676
"164",4.07785743422405,3.65963862052372,29.5269185510551
"165",5.42311510025574,4.56667355675014,25.2456398743759
"166",6.39189906633066,3.65069742335421,30.0245170948436
"167",4.06272226813804,3.96879859526105,30.8557552770861
"168",3.79878997842566,5.2533192479706,29.2753628847131
"169",4.44014021202933,3.80942647170829,27.1092649631753
"170",5.30991303355882,4.35851875883253,29.7170266346503
"171",6.98759370264814,4.17424318235256,33.1555542181538
"172",4.63692058196772,5.25656485406247,26.9814586449873
"173",5.2287434017604,6.59132987124473,24.4715028797927
"174",3.12984974934209,9.52373939601574,29.5925450047347
"175",5.19463796532772,5.10417493116974,32.7158811207566
"176",7.60173130590135,3.62276939136377,48.1299305631014
"177",7.2562161510193,6.52851193067408,48.7244597227647
"178",6.10690254494661,5.37776364531697,29.8710095839129
"179",7.05974294333216,5.42180727516032,41.4156507808567
"180",5.53866407272796,3.95208963483108,24.462229510002
"181",5.55548537988576,5.15551382736985,34.1788434335025
"182",6.02809132104252,2.47419313795594,29.9026156021541
"183",4.46838368734882,4.63636293003833,22.3271587027549
"184",4.92825262942349,3.53918821250121,25.7722229951973
"185",4.48626786727301,3.91199339763012,26.6371337115508
"186",4.33830735822345,3.95194932634659,29.8210441692893
"187",4.88478498061669,3.260092325519,28.7877087581814
"188",5.00481109000143,4.11999756410749,39.8505946866505
"189",4.99752220542375,3.67235683295149,30.403847709466
"190",4.86109044142407,4.37918572597551,33.7439194627359
"191",3.91710497792058,5.63825383130507,46.124512997515
"192",5.04646041785876,2.38847773428241,25.0694154116972
"193",3.6592033586488,3.61267597977461,38.284076725422
"194",4.78919276559776,3.09112831740854,29.173040970211
"195",4.70909782981374,4.11946376443041,22.6753327779149
"196",4.47785578038817,3.53003274011178,24.9790330231685
"197",5.0022043613683,3.24131797302105,28.2404217281714
"198",5.24583457218691,3.21364622119296,24.1810284594457
"199",4.69002305257886,3.32573081014028,38.240974611122
"200",5.12874729287306,3.02896024633925,31.6281479477648
"201",5.17777338034175,2.88910502596796,53.7846339647288
"202",4.76054032775469,3.92184781445508,27.6961869447014
"203",5.53573690301271,2.94882485562484,28.6562348936904
"204",6.62139152989701,3.68889569462132,25.8717319137483
"205",5.50794356247296,4.26325761425971,23.2205296629699
"206",4.57147434186594,3.04697349380689,32.6838898410927
"207",5.26516290909926,3.93490211713687,26.3329322878467
"208",6.17044604663345,3.94437591577927,27.0131886730042
"209",5.62708384285253,3.62980545087259,32.3340385424145
"210",5.04057569240205,3.34665668564423,38.4169879530973
"211",7.81377944678911,4.14632054812305,29.267520883242
"212",4.38992804096241,3.77839457207707,30.3714626999121
"213",6.37492216529223,2.71765768562297,26.6896499554529
"214",3.97699466807237,3.61884281943533,28.7825651472226
"215",5.49382037090733,2.84061605595749,26.5054114527123
"216",4.07695035646883,3.23457501026571,27.9455694847173
"217",9.34103749964393,2.91553471149845,22.3070149011454
"218",4.92118500306707,3.5464559197859,30.6446838027182
"219",4.12021399432935,3.34560904695708,38.0921211866577
"220",5.00317329940465,2.92970530175276,26.7902764650343
"221",3.85683388841753,5.14462542500383,27.4478024294105
"222",4.78076372931079,2.51008382570528,52.9908867283214
"223",6.04777092112268,4.06710634511782,42.7474747514615
"224",5.00058734566732,4.3513861407738,31.1899800512408
"225",6.5796918943208,4.93232360130366,27.0853471793244
"226",6.10156915197748,7.82492595472485,27.9282572726812
"227",4.45746905669474,4.86434322003046,33.0263747568734
"228",4.5584708603512,3.83358442985151,22.9298983205906
"229",6.11078380761747,2.51544089968622,39.1719494291588
"230",4.1721854555582,2.81386450915034,24.8058048467549
"231",4.06246226110999,4.15332287681088,25.0381569352905
"232",5.59142350632284,3.55172393462707,22.8358526083241
"233",5.90399779123694,3.0295060303951,31.4430924898118
"234",4.66844776907243,4.16770337187627,65.29966204024
"235",5.91611362332212,2.84163577443659,36.3514377619338
"236",4.84393641149313,3.21876082892525,28.5735032259566
"237",3.89338362728392,4.58723608091423,32.7153954012159
"238",5.23779548675262,2.9362412690373,30.273192481732
"239",4.69667721768127,5.33749230988356,21.4552235988888
"240",3.71706015070426,3.81983499678526,28.7463854694819
"241",5.30940332159478,7.38706269026319,24.9321107204807
"242",5.89388769908822,4.82295622338952,24.2320373921561
"243",2.95579341048997,3.77895900217206,43.2420532501186
"244",4.40137410425488,3.45229753411688,36.3278097978736
"245",4.50935481230117,3.30532432832197,28.066552640088
"246",8.7819143216734,3.26769259140016,34.3511502902705
"247",4.36404552316999,3.90058173119335,30.9485340217761
"248",4.98018720976563,3.98673223605159,43.462453090165
"249",4.08812783538915,3.82104770873531,29.1979792533467
"250",3.84649875230704,4.58636510155232,29.5234753451574
"251",4.73719683589302,3.34402783804627,35.8220335690776
"252",4.34136951996594,5.19138936028838,32.2179464807339
"253",6.02444541725871,5.99272714062382,28.3639651682257
"254",4.24933902363618,4.50281139612017,25.3242867088569
"255",4.37996540252392,3.67511017661099,21.0093352802362
"256",5.63812637629482,6.20314737462642,27.298959017977
"257",5.68916296721258,17.8533263492382,24.8270361745598
"258",5.40440181963793,3.45179067796857,24.2310078316385
"259",2.94421188210334,3.88275754994894,26.5003565987994
"260",5.4667784248843,4.97044707876816,41.2260070894114
"261",3.50509307748724,2.43391228786987,39.3425741564578
"262",5.71336137668416,5.13779819653752,25.4264287845832
"263",5.66712374843859,4.78553741478938,28.3916147974188
"264",6.502100693408,2.84367969697546,23.4323081115178
"265",5.12227535115349,4.12965490590025,26.568324326158
"266",4.44357108057002,5.7989609788056,45.7038671227348
"267",3.3679137683829,4.97437876004115,29.4354395373443
"268",3.21225411816588,5.17496102253033,28.552111106021
"269",7.0993010142491,3.45595723530575,27.4946782198374
"270",3.32584581667563,4.18374858501811,28.1481844849055
"271",7.47832590125505,4.17337014454478,25.5094163791838
"272",2.70898084973984,6.41191692957987,22.6619956602655
"273",3.45826204789208,7.01502986261812,40.9841860478672
"274",3.01174729896992,7.61636331957376,28.2777024997077
"275",3.14253747392882,4.29301004480824,27.9849151640806
"276",4.3204442429871,5.4359382802766,25.3656055516978
"277",2.78590318466211,4.26570916376003,20.5901673737341
"278",5.78388376151426,3.7678315234479,20.7910520151342
"279",5.32164635716422,2.79208892095539,22.8899289278956
"280",3.64628263248565,5.19962400686964,20.4656474431548
"281",5.13851200185678,5.60111589828193,22.1259015273288
"282",3.99136209327302,2.50520945934692,24.0751583007111
"283",4.47733965121669,3.08217699012652,24.47406388843
"284",3.78419503975641,4.28052526622365,23.487425555029
"285",5.86153236657612,3.30694969421905,25.3550755055924
"286",5.27310093351443,11.3593779827073,25.281141201022
"287",4.98400811630551,3.20455118340674,45.8864209089636
"288",5.71677996887745,4.40227493475728,27.3914716376469
"289",8.95428787307426,5.02444025011116,25.6240370008583
"290",5.48008979984544,3.52593331609344,13.7096098192574
"291",5.24035004684982,3.78428302670963,26.6831312717588
"292",10.3415744172066,5.91561781133687,25.8153964109792
"293",5.61930461914523,3.15908980975248,25.4574789786199
"294",7.10356385215598,4.29485973383177,16.7311132946704
"295",5.88017303567789,4.13748973295917,32.3848658682402
"296",5.87204533894116,3.3726868844266,24.4143350743424
"297",5.6271882268232,2.63642722849462,34.030707979739
"298",6.08802530888694,4.15474108204627,40.8986905045733
"299",8.92427442498086,2.67318724533837,31.287375397176
"300",9.2706625296691,3.6942380985224,35.6535725143715
"301",4.70507216177032,4.33099941261924,27.3131662876423
"302",4.86095357277629,4.34316705763293,21.162739485102
"303",4.91289982026445,4.29974041650195,23.1630245103384
"304",4.73274151757673,4.55083594051802,26.6561202046081
"305",3.38904936782826,5.99674556931007,21.1285322152932
"306",4.90138110303384,3.8816635083138,30.2308322380884
"307",4.81504502325177,3.91186474097274,28.1625842044761
"308",4.14750848279456,2.81552573076063,24.8978585826404
"309",7.31940211170564,4.53675081914461,37.5031038320438
"310",5.00335953033383,5.45639834951098,23.0528576178141
"311",4.51997202440172,3.03443357291714,24.8869055595627
"312",5.04321586068584,4.87967948011106,17.9590293676698
"313",3.98525839993704,3.73019205287762,25.5135203045915
"314",4.5109489866593,3.40127845514404,30.182383805417
"315",6.57708732525018,3.01145515779679,33.204010756091
"316",6.31116286463639,6.1347771450953,29.4631310928059
"317",6.47883976094046,5.13824520264915,18.711579234256
"318",3.66137509731468,3.86838690457773,30.9751662270284
"319",2.25288139178663,4.30781698063837,24.8141803913881
"320",4.88953048289241,2.36261032841659,23.1190857926349
"321",3.69786609570004,3.27731772667372,37.8900528532679
"322",3.66419138647913,3.72120078642941,19.6575701288093
"323",4.79947449807925,2.62914937078934,28.9955627396083
"324",7.357231040383,1.67632359837547,24.861672567122
"325",4.11232050089289,3.72519226107121,25.0392355484554
"326",4.21155231744997,4.87181115474469,19.876599341788
"327",6.71930740826689,2.49609124142408,20.3026920116958
"328",5.85433813629841,3.35300558307268,20.3298154520456
"329",3.70894371735738,4.55327441867076,19.0991945052247
"330",5.14206319229075,14.8513713266238,33.6689213219725
"331",4.04296002032342,4.56324021625523,20.1563420127342
"332",4.47147214227218,4.40771991316924,23.0631286921063
"333",3.98342938837721,6.82154058923427,21.9048530668557
"334",3.4777653983046,2.75933971020397,22.917959768432
"335",4.65423766006164,2.73924511895429,24.8164342876941
"336",3.3994178971738,3.35220131406528,22.7233745775682
"337",4.73112232321265,4.43995220776442,17.3173536462578
"338",5.27361081141501,4.81913822098501,25.5046732960066
"339",9.51211386368582,3.81879522271976,28.6823500236597
"340",3.26583972224486,6.07462724481405,18.9051981646903
"341",6.1357862642938,3.99426544689736,27.9895801973891
"342",5.95643642170505,3.00564015190468,17.7852421905559
"343",2.63397690409173,4.00663011383625,15.6505005396632
"344",7.50852322254632,4.15532675794772,34.7159737601967
"345",4.59672832549721,4.81023773968205,22.8696886348013
"346",4.11119079542555,8.07837275126626,26.5409135132825
"347",3.71225572997645,7.77479994974223,23.4264836923505
"348",4.89114805370481,4.99358579803666,31.3758937978743
"349",3.91692806351197,3.19131718066899,27.4944426573596
"350",6.17228722080395,2.71529095191814,37.420839111333
"351",4.03151062994378,5.30738549896175,18.7926272639741
"352",4.95326859767673,4.45864293425574,15.5746514568171
"353",6.72242617108018,3.75701595109372,27.2393140826292
"354",4.12388463578825,9.54642927067987,22.5028861720635
"355",4.48044936839981,5.87366973915541,24.277540195353
"356",8.73822911192619,5.7052221498634,38.1032770891387
"357",3.36797904232358,4.7001815015848,23.2249403791915
"358",4.31596183135354,3.14439218023988,42.2282695582262
"359",3.04091814462734,3.53987854236295,20.0609951207906
"360",5.70907255711824,4.2081702864853,20.6684968885198
"361",6.29439098116902,6.5153136267488,23.6617862015815
"362",3.4908790700338,4.98749871394183,20.4545612702168
"363",5.19424872122597,3.61494809565813,26.3571015858914
"364",3.58442199429719,4.65367921121595,28.1324595762702
"365",5.54982999901213,6.88927231496984,31.3112279868944
"366",4.21439081345894,2.97939946249284,26.6477728706405
