"","JEC","JSC","TCG"
"1",169727.056775407,40135.7827393045,81742.0841388868
"2",2687.54452412349,44855.6535554682,59080.33774145
"3",949.164446912632,2680.0815701942,111562.317772378
"4",23829.5924025074,1140.60607436769,94690.0486109785
"5",4046.64762169573,9032.22162247878,43806.5766705959
"6",2269.61929928005,1808.11351678954,3174.70956213884
"7",4394.56890178642,5815.88561499112,2534.22940036533
"8",408.889419690814,15878.6857808766,20114.2538752606
"9",200.892546929868,16756.7462381727,24729.1232635428
"10",5.48415556362246,1631.32322695662,237.635785755743
"11",3162.55844990565,11289.8376553112,2133.08187725874
"12",22531.4751427743,2510.54251523418,1117.21164902717
"13",2908.20000506431,33133.2621192137,70.56085875223
"14",5791.51605416637,3195.43055479948,14034.1008045455
"15",3394.05312199298,3793.41700581154,7555.53429080488
"16",4433.28552451544,29881.1828087827,2493.1940911583
"17",159470.959278922,23353.9547245551,19002.205255384
"18",8254.79049920987,44044.1981425977,255424.82012325
"19",75153.61554109,1522.48455454949,70448.1474594019
"20",54906.8321710535,51830.289956372,43833.5811514156
"21",14014.6393826946,9915.57912236812,37586.4280140342
"22",28786.5974912356,12337.2394533791,84497.0957591549
"23",44298.4185996771,7639.62557397429,21007.5255796586
"24",6245.80060597489,8224.41402335032,31936.6136627526
"25",23274.9973577491,9708.15285088155,34780.6665408741
"26",1515.65029650531,66846.5448152463,18803.6841879447
"27",1026.02775296808,105297.053049841,4398.32344197505
"28",35562.9845708903,9905.64798546886,26092.4445968068
"29",4698.29758751475,13291.0746956626,79253.9681075445
"30",11067.4341754589,4003.78225953544,5580.97478587482
"31",7846.21062003364,5651.2582909611,18129.7451975421
"32",2823.22317720326,10007.2017496706,1542.20282624161
"33",935.809973841648,1994.1214618383,4365.22772775931
"34",17214.8080519386,7632.02269790166,1972.12182814698
"35",30203.2212941611,25078.604286542,390.115734827425
"36",18577.0991506676,9602.65549504214,2130.49452280292
"37",11982.3613450016,27829.5432204135,6744.47228780999
"38",103.122969093538,335.810076575335,886.551466545742
"39",5478.01704420879,4026.26568505506,8389.84589836903
"40",546.904061158052,7636.71527526421,6597.68968720635
"41",23441.4591523094,2199.84169152327,6443.63934713018
"42",10402.7152244719,18834.0761037051,1365.13700153967
"43",205.416605053345,3609.09699025542,921.775646044937
"44",2627.19877386965,119.418339549179,1730.08050489625
"45",1124.19574058792,3306.99086970297,1263.13397701832
"46",762.886139950603,830.247639830686,438.609940644501
"47",10902.5841372349,2072.0733228407,6031.34985915807
"48",1716.87048601208,7813.04315935717,4537.72963688564
"49",8919.12641296275,3982.830686922,15349.7307569693
"50",643.055485863129,8284.46241941012,3929.57091682484
"51",4945.51394269165,4831.28840527219,4602.56043541329
"52",18883.1647903659,25961.8611964242,13820.9385837982
"53",10516.3099703805,7693.9305036914,17896.2263279582
"54",3997.82553072602,27061.6470495829,6048.79374928375
"55",86054.1882878406,34081.9926122785,34764.9442917011
"56",9268.67646404912,24978.7035519171,11416.4182626232
"57",102981.192980846,5212.20182857453,954.370361988757
"58",29590.3617751102,2063.18040475679,1545.65645603405
"59",22110.1505744338,10549.7738895408,4294.20146509182
"60",16599.8367007507,56896.8125961848,7609.54884645322
"61",29935.4802940064,1281.73105083706,1321.04259269755
"62",29776.7888107978,13213.2836451184,3844.02681092612
"63",8938.02023649828,247144.564598763,11665.8298228793
"64",2060.41073031382,27954.0970346826,12041.1233515726
"65",21071.1461120784,50579.4913533547,22786.6822183592
"66",56499.8739500539,11910.3678363279,2473.73834211831
"67",18544.8674837291,18978.490929992,15967.8572821809
"68",420529.047053645,15995.976968975,9928.92946009188
"69",6518.71373549097,44896.4118809263,42180.3537359658
"70",20583.2668837121,1874.53918485766,13140.6666498473
"71",19830.5804677445,5033.43948145722,62.9451025807754
"72",1806.803504566,4047.45395834252,59998.9269234973
"73",1288.36039342605,5170.4745672086,8178.80154124396
"74",7069.43877196854,110.319652050875,30772.2087870815
"75",6072.14231205535,2126.04833501836,61030.3721732692
"76",689.654272727987,808.763692889447,12330.5634475315
"77",12155.9204315742,1260.06370376068,15276.3680173194
"78",648.063054631035,2989.16709958686,314.915239478359
"79",3618.24700596668,1066.48536675237,7799.40053166286
"80",11866.3383568388,535.020566131329,56644.3653592033
"81",5600.15822055148,2068.93700114563,29285.7835048049
"82",83480.5339697451,2798.4804415771,4687.79289173916
"83",1455.24880729464,1461.0768274555,1627.15143791044
"84",448.666839731609,3012.08312126037,9276.68134576831
"85",160.762099174286,580.858809270346,6144.73122917104
"86",4866.78553811276,6856.53920663725,6036.94969098924
"87",72606.6163030028,13753.0705480174,16298.9606267527
"88",13816.0088956948,8631.46254676432,22260.2094498574
"89",8858.39494155025,1097.79641754027,36072.6905273085
"90",6852.74677307777,23117.6652895343,6627.51744191666
"91",5423.44910769179,4351.49504651753,141446.253742314
"92",21971.659201988,4965.76000882592,7811.48336793462
"93",12165.0011712919,1863.56124388847,27350.9552217727
"94",27716.5986315619,5803.82048825375,12802.3584215431
"95",2693.77765775404,798.658873904311,2308.05733949508
"96",663.034396031788,7476.71755794591,250.144595905809
"97",4379.96229268355,472.50557640257,121.74852117519
"98",39510.3886502683,1415.16237455272,1792.49493935097
"99",25977.6803249383,260.176327199428,3891.7218651116
"100",4999.29113036443,8620.4476139713,1298.87514570962
"101",26664.0545485174,4719.33370206173,10256.0429252024
"102",3769.39293384441,14765.2385762656,781.053300682598
"103",5124.56473997092,1495.67730326184,8908.49514038758
"104",6215.56985309751,3142.43258276743,2002.24414595482
"105",9308.58836980145,4009.7350093533,26190.5297802995
"106",61005.6348734773,12113.4401230938,2260.96210758767
"107",184461.88161762,3114.30825418918,16501.8174771463
"108",1188.5529788699,49465.5876244434,8099.55568510649
"109",4692.04521347698,595.828086377702,6597.1233851484
"110",9175.71037834681,391.935165526712,6982.08616112741
"111",13798.6310894283,4819.75913234963,35988.1338662389
"112",10513.7921048664,13647.9915560465,12782.356671765
"113",2170.92977809719,1181.9490068943,18087.4589909083
"114",9626.97277457353,2346.20779852542,7113.41944578929
"115",5757.97699049336,3280.41038628835,240.215075505957
"116",6967.867531945,21926.8171166974,20880.7446418731
"117",10149.1591038627,3568.89535429988,250.358984555545
"118",29342.8008017747,43193.514005546,14589.5490216262
"119",48323.3507102008,57021.8148357196,1218.84165299598
"120",3656.8794011342,6136.48819816625,1004.46409763046
"121",22111.1619606013,4449.36317634846,7808.97953902399
"122",6556.36644339284,6162.85331827194,6255.58717126413
"123",36164.6801384558,2978.26135280987,2786.33606158177
"124",14699.8114357187,284.329735468154,5183.32081147693
"125",6081.37794586712,1445.85550033586,2870.85912683736
"126",4453.18479789319,1468.0790234419,2327.04784281499
"127",29297.257232641,708.633475613465,659.095824814148
"128",15749.7840123354,1476.68346386901,1106.62129639975
"129",30809.4617214944,4280.89028363546,348.279551470534
"130",8072.99940773104,8462.44580260522,9390.04419671863
"131",10732.4320137904,503.824767581447,3254.25892728579
"132",5794.55758643614,186.649210271572,5315.2472358254
"133",8903.55057900256,8023.28380263182,6194.265213544
"134",7515.10025332989,39141.0883132305,7647.55770459324
"135",1477.52339579712,7474.50085088653,1988.22176367695
"136",1739.47351243951,2689.95016561113,1360.77761240582
"137",22381.7807714513,1364.07798261325,284.734387046958
"138",22028.5164904294,2624.53069959946,1092.48674785313
"139",20547.7292645721,4361.84098893945,234.618254063608
"140",11460.0450423941,593.47227887584,3455.74656388456
"141",49239.1498269619,592.299877306328,984.265844816651
"142",5123.68516775992,37.262087328452,2085.13683110342
"143",3442.52249204478,337.831378573075,12649.9351649716
"144",16037.8472311367,206.283341897312,4397.4603939471
"145",1482.50433596653,829.683262089792,3119.81650608168
"146",69220.3800248027,2133.79892464069,5530.35633027297
"147",42421.3552997217,309.748030022854,7172.33101269872
"148",42613.1998203737,402.100467795201,1262.79107256337
"149",17466.2478337169,1471.36422355556,577.943256159923
"150",32569.2096555196,1368.05661848321,1110.60352123824
"151",29624.41716564,8944.98566863943,1875.50892568859
"152",20271.5253009597,8587.90855862723,7047.90659921784
"153",5869.13852726719,16108.3365895319,6911.08144616572
"154",4210.65828520735,1777.69018416698,926.14489623868
"155",3493.11345118184,298.765673758142,31.9449960212764
"156",163.898420618453,1925.17444605741,5955.98691012153
"157",5234.10683384176,1984.58333163082,243.66589104893
"158",3264.43777419385,2195.41283654593,968.365960838235
"159",6335.84645953365,1076.06006157327,8628.67158415989
"160",5022.01591563965,125.589405280169,2161.04380250175
"161",12723.1972203868,15656.5053995829,5462.43938767084
"162",6294.81514837473,1265.51655248398,1369.48229267616
"163",40935.0660018792,158.499248571507,1760.33759567531
"164",7832.7547446002,2083.6111373209,2222.69599546306
"165",16248.6916591282,8545.97964649228,2344.55386498765
"166",15481.0579962854,4686.55424298468,2264.21609664838
"167",1564.60883065707,5096.24467453182,3595.49203242594
"168",4091.78328410483,2107.21841531573,1333.43620718709
"169",6152.81099076501,1343.9085414555,3916.33159053288
"170",16382.4227015443,1388.88645591957,227.136320203724
"171",18946.6527892715,889.596261241782,1630.50802677699
"172",12405.1167650615,488.232377586884,1062.65332085433
"173",62706.5301429414,200.243060874925,3215.97779954133
"174",1771.58670625627,997.143285064137,197.165475674523
"175",9094.42394737217,10763.746832277,189.781199857457
"176",11625.2453346805,2674.30300489139,1026.38252187461
"177",6060.2490643415,2803.52667319529,2362.9772130926
"178",43157.0323174668,433.00120070651,37.9599482341423
"179",20391.7104805384,1081.30091989283,3654.58389368546
"180",15549.0023275858,5565.11336684843,3528.87431591698
"181",10283.5840811065,299.52107676516,6456.99850505857
"182",10445.2364120588,487.831142422531,1173.72289871554
"183",4818.14931223388,450.284880388835,504.407019087601
"184",2854.44700428084,277.474662623234,1510.66240794286
"185",3138.5782010924,8.26804476823724,1400.0183231079
"186",4269.78034188945,2177.10907446806,4982.76412806791
"187",6358.2555566441,1242.97648593371,2859.53584799242
"188",2890.56609872037,11570.5875147127,1708.21972523753
"189",7274.19000126877,1345.79130593397,2615.96296916031
"190",6266.31490827994,422.990871403261,1789.92391656639
"191",135.204419523447,568.779366308008,1619.42851031765
"192",524.397726652133,534.016869257594,2313.41543157061
"193",8195.42165664454,4000.95881292876,8715.89545422528
"194",4133.91820626633,4479.01825586687,3690.85901870776
"195",3.69404307442238,2301.72810100838,1328.10702061219
"196",4521.72675492035,3868.87552308498,2627.26599163756
"197",8182.79833285352,2441.60697538883,965.319025066903
"198",15787.5842977892,805.030545804816,411.412655960638
"199",2778.48464558478,573.765481600603,4326.24692571349
"200",2157.1737930756,1226.74621996755,284.157733185918
"201",4728.6887586265,310.344640433241,722.301498777539
"202",3192.3764845652,1227.37122019661,309.989940979621
"203",3873.42637177531,2591.09890482973,827.916937944253
"204",7318.07998172762,5745.88128546004,1726.93581577673
"205",8427.94818059676,683.632962503435,2380.70306382795
"206",3028.04089304528,1014.69656314267,3300.10116269608
"207",10918.2642746942,3280.10716128708,835.777195862651
"208",8180.94801480355,550.449932498231,928.693831891809
"209",10198.9065220536,122.997806169856,23.4729107975298
"210",9274.93229478008,1299.41343268864,1194.31119483561
"211",6830.43111411491,4926.47781414898,1113.30091718469
"212",48071.3531091365,753.616577857227,561.639011263078
"213",540.412307813914,4529.16459662478,2645.15703340611
"214",1700.95693689744,3071.58256253171,4340.44127710736
"215",20859.1215504099,130.36576256751,3577.18930904441
"216",1575.46250585399,688.39244432132,796.663718670076
"217",34953.6602773831,1210.347163058,1777.87601112178
"218",41966.4915785021,3741.54183450354,945.573694035787
"219",6869.94696927945,1346.12417189476,1334.1626871617
"220",2563.02728276164,258.573134752557,924.368366036361
"221",37.0182503071707,791.207231382056,716.143351227711
"222",3547.91462307412,34.1316799139774,3376.40619979289
"223",7238.43277578638,947.423719746645,17633.0640954416
"224",3199.36000125925,33822.6609290811,622.363216635115
"225",5040.36428165606,3865.17906437567,293.518803940439
"226",5944.65452919202,176.157880165404,5600.45819733706
"227",8718.4925653532,639.922043587383,25100.5564389933
"228",1272.44063564355,94.3350874364827,828.212514950431
"229",5026.83053526471,94.9010077817049,1907.94624693293
"230",4969.29850653675,560.265470763046,4411.20903208982
"231",1062.70790374547,4743.19808707284,1164.48505433784
"232",51826.6126251335,5498.6641356364,234.682621241186
"233",7565.9141839463,6975.40043248485,1000.92659618749
"234",194.448573898693,1465.81752667043,117.376219882758
"235",207.851807669642,500.957724707295,2402.74843297316
"236",3206.07727476335,180.64639992603,1207.8372024181
"237",16261.2050948103,401.149098946412,7440.55227714322
"238",14007.6078183268,206.128536907276,1916.68069211771
"239",1479.43657781357,418.194947009487,1021.40719343431
"240",1136.20208087727,179.7478121674,1074.36903418474
"241",1139.04057553394,740.900609573785,8006.85455335437
"242",488.507946544103,92.2097046416509,1728.46533974403
"243",8179.9923138903,8877.12778294027,2134.24589487062
"244",3969.54991248529,1671.27243959763,6454.54476340725
"245",10249.3051711067,608.903379424242,647.859327306064
"246",2815.93972939228,2762.30821092645,1027.36484165789
"247",2991.76854166564,3500.16014242401,2050.71451188451
"248",2259.32011977699,301.637020827391,1048.49699497263
"249",1909.72154489215,169.723559686983,274.999177877939
"250",7170.42804541882,541.824781853076,142.183393088546
"251",22039.7605363273,117.743801621232,76.4988346009721
"252",63194.9175829295,46330.3324755736,705.70753889992
"253",16045.1414917332,15344.552173753,394.666300877986
"254",4077.28722073279,2447.55662337341,1602.69233670461
"255",13361.2802329597,1623.10715750057,16972.1581027466
"256",29456.2090208037,488.686268662328,2186.44164029362
"257",637225.245666989,953.318709923199,3977.39981513641
"258",1637.08904154834,976.265865348116,810.123604076439
"259",4293.91451883532,1684.59221129442,752.316438309026
"260",914.122628035261,3362.82502827391,131.422207922118
"261",1589.42818812798,1294.85630646793,211.566068954955
"262",54708.1203423306,11034.9327276701,272.949477714971
"263",16580.0417860019,12893.5806121195,74.2802824379255
"264",115320.902146642,3679.09849931869,241.123620467338
"265",10923.8049669997,1830.07258831349,50.4979361281938
"266",16490.2455216926,71415.5006845924,1323.85883736377
"267",4243.17205035213,4973.34493117864,6233.97268111981
"268",8919.55758144421,4845.42566108251,1758.50276308529
"269",11712.5908714673,659.378187624525,2965.19884778906
"270",5198.34207341255,5858.44134987547,10.4307423334712
"271",446.165291402517,224.66710478668,93.6599726589719
"272",926.601784063877,728.339159389341,1067.75358765978
"273",847.765692879894,135.554932153997,811.94113008611
"274",486.068827820352,9416.72131933515,12202.6747257348
"275",693.814011772216,21950.3978740465,645.18801054388
"276",24498.6254915951,22063.0658328073,27596.4444482826
"277",120.606061211532,1953.60638485413,25720.6284823246
"278",26265.7132333914,54.6534581423971,384.749672140353
"279",37431.1394993955,61.1193562158248,866.543688514895
"280",13604.6410349981,4722.99543387853,321.631425913883
"281",10550.0422710967,46581.536103466,776.945437270609
"282",1917.28834275222,2608.54290128416,429.607318988387
"283",13049.716507407,747.482130777834,936.352172010504
"284",46416.9810680078,1570.60974720734,681.047140008148
"285",18509.9271412776,9293.70160103038,428.076741356318
"286",57184.8262248679,3119.26587785577,5370.04558573947
"287",26256.2116142263,10669.7362847464,19227.6949119262
"288",36578.2094412986,12283.4532403639,45638.2606672365
"289",3084.31000510902,52402.9322137142,19509.9768244131
"290",5916.85057670079,1017.59221593156,1403.62327527427
"291",45900.8445605605,375.51566626115,7240.49396691005
"292",26175.4800108853,9116.12326517473,16452.687786371
"293",23765.3203525768,5562.85214134803,28850.7577822903
"294",2873.16507152338,16996.7034402665,3313.44786849644
"295",9210.57749040242,1397.12770330433,6595.65025513469
"296",23803.6860278372,391.982937470037,1126.48702963258
"297",2676.00722756094,1234.95410291293,5729.57880505394
"298",7216.52733037111,327.568933192745,1051.70511384777
"299",119799.494286162,120.209887276938,456.134206861685
"300",3292.56399156169,320.761109573455,7307.77889994544
"301",1364.32874048602,16175.4831967899,27218.8719839033
"302",286.440814394787,34109.6606980849,36661.9302628133
"303",2733.98670378368,4185.05668604702,27129.0617699962
"304",2165.40391031663,20730.9570397248,16580.41445493
"305",2708.15715559965,2105.99130977686,21293.6624346156
"306",1097.35395227146,1173.75373907371,7468.93200951597
"307",15341.0188741314,8987.4200698001,7886.58415211383
"308",51303.4284226533,13776.3211702404,21396.4674392169
"309",1617.90718080654,7716.36070952866,13105.8122372522
"310",7828.44458328792,4054.401568304,34492.8077511064
"311",6823.04193609859,2671.53104401104,45032.2429087684
"312",5438.50910351584,293.844616313361,2096.56455949074
"313",12157.2134076825,7773.06443842607,1559.90066462099
"314",12688.4628666686,236.470485677757,2415.13287824506
"315",28881.6458831337,1786.59323400451,1098.61775198281
"316",128455.744202006,7326.8796848049,4632.31062631606
"317",37707.0899682851,19746.8790500895,49649.3038435841
"318",976.000956839529,47106.3185510505,4712.5449107771
"319",2081.36373072802,142.581175350308,3106.86909787182
"320",2089.82194782319,2640.67867887433,1181.93008826366
"321",1137.25621305528,99.889020733547,4034.46088803476
"322",5443.90876642485,90.7723387799302,45183.4130812481
"323",5083.75105020156,867.664507176113,36309.9574722218
"324",1703.94776435048,338.361848608888,51068.9658317461
"325",836.178150379272,107.331799456367,92415.2675172542
"326",2853.86892447573,1367.6974401983,6456.75675624393
"327",21659.061255452,2231.80526259128,45265.4111869271
"328",128385.577603322,12395.0940992379,42056.5628984568
"329",10002.1176784393,1832.85531512091,11101.4620160432
"330",52170.6195706349,1106.17622765543,747.070003858383
"331",1751.6846037911,2565.22203284363,2715.29159617303
"332",7520.35149160312,41030.516985392,1696.38635065465
"333",2599.02622180202,10351.8835479036,3305.51373717306
"334",3067.51881910265,1496.97808937621,62049.8434037424
"335",3828.69772567916,1330.05202850106,23842.8455441321
"336",6955.60798317904,1775.2085996878,35659.2448257332
"337",930.11323355437,149.983919579048,17605.7724781971
"338",3611.5120020615,1099.43138244644,36348.167980495
"339",47456.5676044081,3247.87806571383,56684.2845386821
"340",241.117820385185,92928.1408929098,5948.3369647577
"341",18727.8551920355,22017.5478183845,6994.60944508295
"342",4732.22957701157,6895.23020001254,7502.33792537163
"343",2256.59791325021,2797.86331081989,1347.4281098899
"344",6174.95770292749,10498.9812250016,1904.17790824724
"345",2657.04088509092,11822.4985798324,2354.75869640642
"346",5464.60083383601,11465.0330359024,15825.1256846601
"347",2692.70201731038,265.657058244755,1974.51466678878
"348",15159.507390659,374.570743347485,527.232658095221
"349",1417.45773255575,619.098393242762,1728.55673484346
"350",8321.96140411863,565.784495632565,7721.3525989103
"351",4367.35646361665,3948.34427778036,29777.7512776172
"352",961.386588075344,3110.6027999258,19899.466035551
"353",3233.99861662475,2459.29092989348,20402.5123266967
"354",10234.7030131361,20881.5842459411,45610.8699396981
"355",25269.8132771746,41784.4434170445,23745.1551936085
"356",4402.02215380351,59666.9545733849,6529.67768194139
"357",2626.97776826825,6932.57498711656,5657.88564049723
"358",11785.1145479286,743.167677851693,24004.8700736697
"359",9351.51949531352,367.241770445014,3339.76709173961
"360",4442.1926106023,24107.922433035,6500.09271479544
"361",2882.4245064012,116970.347527228,8451.20820188199
"362",1309.27111653768,4645.17913759259,3929.02733705215
"363",1862.21787824594,4899.56405153402,1647.44849361164
"364",2462.49646379466,3538.99853011391,15.120394926813
"365",115.445827998452,2181.20008851973,70.5409692961984
"366",43206.9700250046,2168.33293673455,2693.5160161295
