"","JEC","JSC","TCG"
"1",5.69194401933641,4.86121218218943,16.58867388654
"2",2.63019207131849,3.09411152395893,6.78453205736512
"3",6.08369005102437,2.89310554118018,9.96788760192422
"4",4.62830361240987,3.06526913714733,7.12538280027969
"5",3.2094772544003,4.31796319083352,3.32846432755476
"6",2.49831513037247,2.8471309129711,3.79609638173697
"7",7.11997908648196,4.01654500410013,6.73883594970292
"8",2.21024050181951,1.86904390625243,17.7048235539178
"9",2.34009558621343,3.86468459966425,4.50394464251693
"10",1.51239594010909,3.04535969794823,13.7118715379517
"11",2.36373015940499,3.65193818846064,4.35491460569797
"12",3.49136531152873,3.61517998848013,16.7859634174342
"13",3.45677799868697,3.26721768600059,13.7847872474414
"14",3.72244390003912,3.35662141898824,5.57300816511425
"15",3.39440062971473,4.73700266996243,4.3730956191459
"16",21.9743755478403,4.26597765263583,5.14167133491452
"17",4.01283920353351,4.96146444867902,4.67312555909258
"18",3.40085686118412,4.10815695442266,14.0511213301925
"19",4.18427197776023,2.66246753435514,6.56110994537566
"20",4.41298411642337,4.97758585785149,6.22931253234277
"21",3.36304051813053,4.86064831407171,7.81085014406056
"22",6.46735917329881,3.53954590306276,6.85338667999231
"23",10.4994443316281,5.9114090833712,18.612433369417
"24",5.64486593514254,2.84899938534972,16.8960738630384
"25",7.71270388255304,2.65906135259894,6.02110088580127
"26",3.77473016316557,4.83151790783119,6.51412222100631
"27",7.12445036713666,5.44417307794437,5.30180443495837
"28",4.24549061520507,3.65940054535364,9.79197653476018
"29",5.03281336812833,3.49043633861353,7.65250654788969
"30",9.83609357304631,3.89319789861272,4.32110143349252
"31",3.12144196546612,3.37277454436788,16.6385469491625
"32",7.39220663725092,4.07854603093837,15.7339001865063
"33",10.9307788871681,3.28885320465084,7.118970031015
"34",4.30726142789499,2.54244650022313,7.84205288130485
"35",4.42915400056727,3.40865082562504,18.6652162023832
"36",3.69336800111709,3.80650614838628,23.4550724803038
"37",5.3516870890199,4.9167597695108,4.80896129314413
"38",7.09380716005562,5.13853012874109,14.9698209251812
"39",4.20895043417498,1.93748496186139,3.97737039480945
"40",30.108463770053,3.31121965181287,4.68894814336622
"41",3.61343109660194,10.7041782136068,7.25550433957182
"42",3.13653407042491,3.17682785524612,5.55252293714463
"43",25.4100872571062,3.16405661735172,7.71795436936859
"44",4.28006440392093,3.79518589371013,8.2801941344991
"45",3.69042795791884,2.75115943098011,5.0046227968547
"46",4.95684775887637,4.39537751695471,31.4283271870078
"47",4.20493365175151,4.4435773392141,9.09102302611173
"48",3.03506325700654,2.64174317748476,14.1531922039679
"49",3.17975793303697,2.41142553066895,6.79983937300567
"50",2.3075490035331,2.78186983543639,4.2543144227795
"51",3.70322265158155,3.47016110537488,17.3097475702141
"52",4.59267060215666,5.09722428007662,4.71519967134697
"53",3.68253809598549,3.88723509998749,4.85714788834028
"54",3.86917060100944,3.51942064923608,17.7287404686959
"55",3.41196822917625,5.22628550214264,5.23200893971333
"56",13.2489521025778,2.73471685671959,5.02795395525699
"57",7.28134768781464,3.15699873720667,16.3929114763541
"58",4.00461041171207,3.55136778525361,24.2400069464299
"59",4.08594582608753,3.03899461058921,5.30355815009831
"60",4.9749768309802,5.5674646979897,7.72823921486555
"61",27.1973833610953,3.09109097912245,3.94325248546448
"62",3.82376923098971,5.76043997098384,3.85299815588778
"63",3.11432073199953,4.57208535203318,6.4075040693709
"64",8.39939863886412,5.10379610646832,18.4846436912378
"65",10.5279048791057,4.52947787040161,6.44421794970592
"66",5.26257471008545,2.98707748326074,4.33515849754253
"67",4.10229630432812,3.91492076932829,45.0313972633921
"68",5.17303316965928,4.92507792053178,6.80649155502297
"69",2.67278816092863,3.17145644078815,7.38092099414869
"70",3.02372331221608,2.76590539599043,11.0736373305251
"71",3.75949494510975,2.95198974588494,18.3450944787488
"72",4.67005574718708,3.83343953740349,9.18855119148104
"73",8.65653672602974,4.17135514900759,5.96254385177136
"74",4.15071236576254,2.24121529210418,5.8709888521061
"75",2.94126801704963,2.55764354428235,8.1771650109811
"76",2.47415257788699,3.08110172016237,7.63339322287408
"77",4.2879441204469,2.09495477997869,17.1713159252754
"78",10.8131190692548,3.07334048383349,4.7549622890148
"79",4.20357149221874,2.54961369269469,15.4064796722012
"80",8.2768229738012,2.57686760016583,17.807732503053
"81",9.72439099630704,2.91449133678358,6.68374762359292
"82",6.5965725023294,2.51468011596859,14.2013966907561
"83",4.13559748682466,2.44748271861551,19.2416306446203
"84",2.18004156413928,4.03484924226268,4.79770769601795
"85",3.13996085203235,14.2220276613615,16.5178724641617
"86",3.30795990045784,2.57496445347534,14.1205155113694
"87",6.72093977584288,3.45556757123928,5.63970909898451
"88",3.30121203098384,3.7674730693584,6.47287233796692
"89",5.01031177564678,7.43228007737299,19.3030106432939
"90",7.35798435075893,2.85866801047541,4.4579313661757
"91",4.0714724077326,4.46601048621495,8.58295319522576
"92",3.72730379281272,5.69824092245113,5.80743262966144
"93",4.4591675126136,4.25581795891434,5.93794158971782
"94",6.13597258347803,3.06512645971209,6.34376937943374
"95",3.6325492713138,2.27498345313312,18.1050779707558
"96",3.41559925191503,2.08630040987595,3.02297272609234
"97",2.7796336768579,2.27439932420618,3.25423204606512
"98",6.70240436450492,2.65973624651606,18.9395333627318
"99",7.68109684471655,3.46880649843464,4.74524465262789
"100",3.65134148817914,3.93237541499304,16.6407080256759
"101",3.51431845888612,2.48034206863543,7.96570422486782
"102",2.9457279379303,3.27581995437588,18.8095219927689
"103",4.01160228524428,8.28743181032464,3.81907920728922
"104",5.27045641164211,4.1468680935566,16.4334094230226
"105",3.45486950531849,2.9509189888478,10.2598367461936
"106",4.82692687849827,3.94697088868883,6.96274812112511
"107",6.31300616852469,4.01434050093398,6.0959576714959
"108",3.230587353387,4.02657143601633,17.3694434799138
"109",4.5574334985645,2.28356997935697,5.59208734104389
"110",3.89166150087677,2.62963710883316,4.77501556368028
"111",3.44545289715816,2.64514193597218,10.5979702996278
"112",27.1209076456593,3.09071480843595,17.3112022316495
"113",3.20276838311407,2.69683948244335,6.94663732058661
"114",3.77107332249293,2.39922932188992,4.7722145029337
"115",4.40376213390949,2.80202210062915,3.88140111475605
"116",3.58438625974542,3.96878747200026,6.60037402492124
"117",3.19285637024052,4.83706750419139,4.9256876686649
"118",6.13063533233103,4.21933132640239,4.13358472893263
"119",5.53961092744843,4.32491937050214,5.12468265047039
"120",4.18309403788534,5.93213437273827,18.282791273672
"121",8.37657586987019,2.46480566376248,5.03867065342405
"122",4.72858751800467,3.58810589488754,3.8138171784793
"123",5.06078113523669,3.70204667927325,4.17306025976622
"124",4.25383034062983,2.62436682724926,9.58042988918738
"125",3.9814105424391,3.1915717187324,4.23007117108072
"126",3.88021763122945,9.24156724095578,3.56693738725058
"127",3.90415603301925,8.71750321307481,10.447553541112
"128",4.03515258587064,2.66672684787526,4.15726583608351
"129",3.38778466474846,3.62907895706001,15.2949409784034
"130",3.97300384218156,6.57419547559177,3.96956294030101
"131",7.11344739617002,2.75212420428147,6.57041572245913
"132",10.0842669371633,2.64073063359788,16.6348902592465
"133",3.81318125421728,2.49707491712674,10.1188443683304
"134",2.44529923978573,3.54136660262551,14.1961173207811
"135",5.46372259760837,2.48190005627882,5.61585693295042
"136",2.34067091443687,3.46891304513528,4.23281246130268
"137",4.11959982024415,3.06287742284211,2.90253223559072
"138",3.98794876535798,3.73978995182449,3.21074176076177
"139",3.66615851077585,4.02178696571294,7.2612578154126
"140",3.9717848503673,2.82402941690032,15.2119220685505
"141",5.77092312863248,3.33067455041009,10.8932621761392
"142",3.7762614947323,4.86640111382889,16.9963910280643
"143",3.70049955083066,3.92815602596443,4.2128647934541
"144",3.75934529957347,10.0888867471444,4.35501874942597
"145",4.58782166328337,2.748638496538,4.84855618651953
"146",4.14240015646919,4.87364148352472,14.9432211154908
"147",5.58756228129841,8.93490209911012,6.47618620085804
"148",5.06798060387038,6.0557868070608,4.83305254076569
"149",4.53022117017134,4.47281668797944,3.25375518139953
"150",6.41786228717686,7.9410510119602,16.2595465800429
"151",5.1823387942648,24.474550752093,43.7265552286537
"152",8.65284066703348,9.12202067092611,16.8526118022907
"153",5.31754124014132,3.95986732957439,15.2495050970101
"154",3.88957366390026,2.7393831531292,5.24364451897651
"155",7.26188274036854,2.56542587147821,3.11130858796197
"156",3.49920123931368,2.12050941161038,6.11504601007829
"157",3.64079656949276,7.16622055152888,3.64369195332066
"158",9.85575632042117,2.50667479397516,5.15781220783108
"159",3.12634462420286,2.67906814223766,5.85809872189369
"160",2.57597108980798,3.15708315756501,4.44878719101999
"161",4.47531684266528,6.64652339008213,4.5823130496027
"162",3.51613896351261,2.30852912791482,16.9338736842486
"163",5.51809034927745,2.81094078166653,26.0161090328436
"164",3.45070933855231,3.52459779454222,14.7661939017296
"165",4.1499561869272,2.82043387542749,2.79091003340682
"166",4.34345725105346,2.67414172510286,3.76278434935689
"167",6.54454880153424,3.64639290253091,6.53855098817187
"168",3.39062011648432,3.93089394870171,10.9941791475125
"169",3.3432283101741,2.35223477975738,2.56562942399613
"170",4.29724990943703,2.7242645917369,15.1303915304356
"171",4.32228995534271,3.54848691241041,11.7791194317748
"172",3.76965271118254,4.17949630671563,3.70353518293736
"173",4.76550124931514,3.41914895799287,4.87114849222281
"174",4.3114849174122,5.8557196555348,7.65610919990412
"175",3.97861234334122,2.93215089552087,12.1492927159915
"176",6.22471609354734,3.02222897410763,17.9064540451922
"177",5.98919005497742,6.67680077115775,5.59935037867644
"178",11.5836101768331,3.04891311101666,15.399817392708
"179",5.41674783106246,4.5320732426152,18.3228063221399
"180",3.57553662836607,5.52465508848234,14.6789159431042
"181",3.77523193584247,3.5630386058347,7.78928449562482
"182",4.46857861562053,1.61152070198486,15.1374984678357
"183",2.82087100967166,2.17387682182063,2.82719677332788
"184",2.94285680647165,2.64498084673613,14.2625260413356
"185",3.12284761264383,2.27228607702381,3.44115567762359
"186",3.16683764848443,2.84240659187293,13.2453983046421
"187",3.81729648555237,2.40854010079127,4.46333857709311
"188",3.5634041900928,3.85052267901027,19.4048665998014
"189",6.6461100178324,3.36750062513497,16.96693425894
"190",3.62037582105043,2.77137975202076,6.16720742705589
"191",2.40277664946855,4.19193058583809,9.60183752141736
"192",2.21940602353268,1.57074716505548,3.77350068799196
"193",3.5889182034341,4.20351789391521,1.0847482892838
"194",3.93614770662312,2.22521588997171,22.2253174355843
"195",3.83566661837323,4.50094948845171,4.36599692972912
"196",3.89163060033078,5.10858568030202,6.98811372631021
"197",3.75640090564609,2.64158734083473,4.05066199411918
"198",3.16119894951914,2.79931357815514,4.35507993196252
"199",2.93843263497983,3.46108983499027,9.27278759582918
"200",3.61603067146043,2.80056771162169,4.46987910241751
"201",7.93652685467151,2.2054309974096,22.6430292734679
"202",3.01132132556411,3.67017379323315,6.79410530231267
"203",2.27815867995049,2.77945964815577,6.12385976342408
"204",4.73217129249858,6.92293109765712,7.47802366758253
"205",3.14540060270165,3.49982800688332,4.10197979336941
"206",3.36673359313997,2.88928629597716,3.73995035024629
"207",3.85299776406502,3.2389925805741,3.62196915523494
"208",7.60177199526598,2.79029580603971,7.00355331645902
"209",4.99647190450993,5.06664956749536,6.109666648792
"210",4.48273052418304,2.47604098231086,19.5414575177302
"211",6.22198505159072,3.17593373689231,22.1485954776973
"212",3.88801861564563,3.45917914037282,3.32599760293685
"213",6.93919046810347,3.94790820597464,8.23236116493963
"214",2.49152671634743,5.75665863483507,10.8536426066412
"215",4.0471478710335,2.38671649095572,7.69348286441793
"216",5.36686470945456,4.93166498875908,4.06171884419741
"217",8.93192497658884,2.87075697360831,4.69286381895673
"218",9.53502814026255,3.07833325388679,5.07127493233777
"219",2.84071862735582,10.5593173126439,22.9473999859183
"220",5.75414285283542,4.90563983005125,7.56385344548067
"221",4.71612694313649,4.97891668072638,4.02447767045908
"222",3.66659750202206,7.71897633483685,40.2060319675775
"223",2.81932426868933,3.5244459392484,15.4724461065786
"224",3.98238639847696,2.37405265153267,4.1423826687724
"225",5.36494671144441,22.363372328199,4.56482413896912
"226",4.04923420837352,10.5759461201653,6.65665524123898
"227",7.83055706043892,3.03393976331552,9.55164966809119
"228",2.17830437278405,3.37717712982126,3.59086384493607
"229",4.45685904654211,3.08194106599878,16.5250861898973
"230",3.46455274244896,2.49413702187439,4.91735293081916
"231",3.28924115460748,3.38728115466035,5.7732863760569
"232",3.58114397351258,2.98268951516969,4.97805409045025
"233",5.74358634783952,5.10125848609179,14.6506785880019
"234",4.95042910188451,6.4700215957823,34.5533710108465
"235",3.1294497430709,4.82092404765278,3.31180858744626
"236",9.55875895231438,4.51658121660119,16.3360091729431
"237",3.4080991474407,2.89771390987924,6.12600225929051
"238",4.20355131027176,2.75354352155084,5.4956332687038
"239",5.85737276809566,10.5111740405817,3.21119971648436
"240",3.2007973346571,10.4996174518051,19.5024551462639
"241",20.6343248765035,8.56440835920447,6.63469020285503
"242",6.84780682341804,1.6151140264002,6.88245998183641
"243",2.57970096822161,3.04696680146187,19.7996270307723
"244",3.03186251579015,2.2499928277836,62.3697839055778
"245",2.88182570745231,2.33373924195637,17.1543796496547
"246",5.83027448764291,3.36534958960621,10.8723152357365
"247",3.11739969839736,3.00652006960115,4.21336734876541
"248",11.2510621996904,2.57870031219573,19.4578137367546
"249",3.26136292478312,2.422694198942,6.35502848224745
"250",3.00271377857501,5.70529323337112,9.82413473657245
"251",4.24449081177978,2.4224503436489,14.6411657299505
"252",3.32505714420978,4.56488757927405,17.2298548775955
"253",4.39895818293726,3.5063419998162,3.3123366033789
"254",2.51050398376985,2.16041958399628,3.81479334283592
"255",4.00092013982488,2.5972073763589,19.5240791886849
"256",4.40815516808737,4.01185898697871,3.25022642974751
"257",5.32005617841455,12.6399574199204,3.62397548764797
"258",3.15831432434778,9.23190729864458,29.0533364077462
"259",2.99768505522777,2.60026151472822,5.63246338386055
"260",4.33349107721179,2.10521521106755,15.8194874079606
"261",5.84596220507407,2.63732682232251,15.9613155489505
"262",5.27023896673789,4.80112918855553,4.51576141597575
"263",5.23860943648574,3.61340082320842,5.72050635458194
"264",10.292461995019,2.07438590200239,6.46775983380107
"265",4.46158910824153,2.71977956153915,11.8845951071886
"266",3.58138102324687,4.83437242448016,2.8131111586434
"267",6.3643500709172,3.7959023298516,8.06354552602665
"268",2.5010376803181,10.1082156093822,11.3308557019997
"269",5.01651528309031,3.12230946238438,3.4664849832921
"270",4.04235331994804,3.77909574002418,3.86623640583135
"271",7.51241727915696,3.38165615848234,27.4174873830873
"272",2.91142821491539,6.92193239942575,5.28091928808777
"273",2.32548826483596,11.0358090582326,22.9261600987047
"274",2.8038987253099,8.94564448753558,3.44532562711008
"275",2.82434509423355,3.1450232365917,3.43094715376825
"276",3.785880291783,4.84904193746406,3.32616152847141
"277",2.19973688431838,3.23441227561664,3.47216058547583
"278",4.66734498382311,2.17901506376973,2.59087890501686
"279",9.66184444519059,1.42160833160156,14.5297329933519
"280",3.359569903953,4.01584287279919,2.42331403719259
"281",3.6034388677401,4.36756425011997,7.05137326091444
"282",2.8413633636078,2.05051238979034,3.78564406499475
"283",3.54896615483847,3.49209432957087,4.01288315163116
"284",3.85782816997639,2.98774600511621,9.44260276411409
"285",3.55287084478322,2.66732837734435,11.4704644215731
"286",4.95175477959118,4.2435227159616,5.96076944239601
"287",4.56345810732479,2.55844379340383,17.0871826393661
"288",5.0233213311549,4.09393358761473,6.62452425800413
"289",4.90764442522548,4.17825986718727,5.33588875815396
"290",4.1433992615285,3.47967477658411,6.01122362156748
"291",3.99038230400212,2.84039285130518,11.8138116991465
"292",9.58659233892051,5.44668430761685,11.9225665090574
"293",2.72746106294666,2.86914555078985,17.1887737892471
"294",163.666146176429,3.30924356714392,3.36982087458976
"295",4.24864995726032,3.24524665148099,5.11098446317254
"296",4.82442548470502,2.34043019879386,3.44945593458282
"297",12.653958513791,2.26746795126186,18.5390940276479
"298",10.4867268029583,2.39038228567961,16.0227020094786
"299",5.52972655255794,1.63291271294392,8.12040800425553
"300",8.86853738510802,6.08110033468443,15.3751779770209
"301",5.87308405687103,3.23824197662639,6.76558020259406
"302",4.30177512887315,4.07450697358856,17.2067181551075
"303",4.75619838456558,3.21634242833614,7.68371473011662
"304",4.28257361022104,3.80817444933281,7.06985212418425
"305",4.17487221096421,2.48643376768448,6.06400149142633
"306",6.37205826607136,2.56775502123881,5.69039418065311
"307",3.83106378367285,2.92893445702571,5.22455831588204
"308",3.07472741180564,2.46560180300268,5.36679485158336
"309",23.6919982387207,3.48818293189109,15.8596180125798
"310",4.18341345974253,2.52608485543254,6.66339347897258
"311",5.72090371911203,2.91869973320465,16.7157007221957
"312",6.99749014882453,2.24143129367732,5.13153221689175
"313",3.75416270849485,4.13079595966998,3.08474712115512
"314",10.0243540492832,3.75274814170468,14.3023223820384
"315",5.39015922610353,2.57031200943959,5.15122264924883
"316",4.85000341077022,2.64955873980377,5.11557262503903
"317",4.53307149094897,4.98124405576994,6.39893342229548
"318",2.78408938613975,101.238910932805,4.38935951564279
"319",1.80909403660493,1.69397059208997,6.74898115071358
"320",4.91983671346362,3.43044225453513,2.19283971658551
"321",8.87202892212579,1.32374492738743,14.4585740866225
"322",2.5437361884634,1.81351655332253,7.38526967550591
"323",4.18417970118752,2.41959283637172,6.65496473920337
"324",5.02018267744582,1.34526671445168,20.050863208531
"325",2.52350189359172,9.26210392106467,7.20378818912566
"326",2.03670526277369,35.09383849436,17.3077126487698
"327",4.79711705637725,2.11920713199803,15.0073273416986
"328",3.70222594931905,3.1708094864691,5.24487900175881
"329",6.09200973274848,2.69799658694988,9.46691327290407
"330",4.27895704735889,14.5433641692055,9.88310031331277
"331",2.54925230560943,4.98543275166208,3.86709650963314
"332",3.32652149471898,3.42872177702451,15.5162262548375
"333",4.9935935684696,4.62568926357949,11.3806836297458
"334",3.21481241780401,1.95850722955596,7.55340585166857
"335",5.32268707827036,2.20095088504848,6.68228583563095
"336",3.44399000187654,2.55787287974752,7.93787458989355
"337",3.74213034521445,3.76046580530779,16.7572801212431
"338",10.1901110830081,3.47593199211494,6.05879957190266
"339",9.33331894867725,3.30449631658867,18.1295134069612
"340",3.05475505282499,4.18470448732146,5.91654717955218
"341",8.63739323226802,3.6681546625965,4.05470197136496
"342",6.64422606544823,3.04864358364716,4.74470101857317
"343",2.29768383788543,2.85897699059099,3.39366696477511
"344",16.5919139532996,8.81636591082508,18.492894362112
"345",3.31320782171593,4.38991294218312,21.2438477776281
"346",6.047822344138,2.94742355432687,7.68826439853669
"347",2.76977034282212,49.4486575802892,18.3163825782104
"348",4.34822886836277,4.25322681751244,8.27230530801739
"349",3.07101570433773,2.24532363459412,5.5614510788804
"350",4.56625280862381,2.22793849674892,18.2916449116189
"351",2.19637605979681,4.77552565459439,16.4022970157091
"352",4.73800547975006,3.51302287010617,8.04247777083802
"353",6.96748386763743,3.27056475871444,5.29599306267728
"354",2.98201537294894,6.41752984647363,6.23380192370339
"355",4.03558177832581,5.39937703663706,19.0951907972193
"356",11.5688554375591,5.07713164360565,16.0961569678819
"357",11.0538874577054,4.03381460082647,5.66548203900573
"358",8.70881363821472,2.99299205226843,23.6414754835037
"359",2.68281916760631,3.3218781133662,3.42385487583086
"360",4.09123645697332,3.47177907245634,4.70608232202494
"361",5.30488677389159,6.0939290466821,4.54288913493559
"362",2.91134790700543,3.48876806798723,4.82417870880067
"363",6.76057002828194,3.72840509285239,4.68306553681703
"364",2.65804070973036,6.14392022177008,15.7970483092284
"365",3.05737983899397,3.71540384298358,24.5039143930462
"366",9.82551057849142,2.91466693357925,9.05444727389984
