"","JEC","JSC","TCG"
"1",0.0128366430627821,0.00837932938976696,0.052846674156304
"2",0.0642134926150373,0.0038533280742362,0.0767589484887535
"3",0.108942725537096,0.0100670845811581,0.0249179679121323
"4",0.223382670196006,0.0132862176123317,0.0651801578387367
"5",0.0871501281539148,0.0180741624446683,0.641473231947676
"6",0.0764941684930185,0.0129303193831545,0.0150694690458923
"7",0.0503025762393934,0.0230285836562166,0.00500257522808023
"8",0.0682039560180083,0.0223520950947947,0.121354827093975
"9",0.0209966962178459,0.0394657600583655,0.0169361550282831
"10",0.141517385612727,0.0115789067843138,0.173924675455778
"11",0.10692357100225,0.0079296709822708,0.0191257965311139
"12",0.00646613567436632,0.00610455907455701,0.0746312869897439
"13",0.0320820955919715,0.00858934076998744,0.0478457972783715
"14",0.113527538709466,0.0114794762815651,0.229386056067058
"15",0.0855548564148841,0.0201440263248962,0.0333376415332004
"16",0.241279410225641,0.0340648748490786,0.00857248028997925
"17",0.0872751963491402,0.0148276473616861,0.0103576843414443
"18",0.0788007841807614,0.0024593186281856,0.0107564944698416
"19",0.127334465781092,0.0195328204082121,0.226473274390083
"20",0.0654603777156109,0.0669219426343908,0.012917594755291
"21",0.0132872679195947,0.0651571348352449,0.0217049429862491
"22",0.141377698073468,0.0114130205255952,1.00619656773173
"23",0.0308135116084186,0.00662217483572894,0.35067767594529
"24",0.586295892127742,0.00636923815506923,0.0379890152098533
"25",0.0868209032965743,0.0131483475548545,0.0404885075966064
"26",0.0808050451323237,0.0340605899176576,0.0559183473287599
"27",0.0587510022692506,0.0235769450244848,0.0236146617483713
"28",0.0790690699518682,0.10946994054813,0.0775345218154177
"29",0.0317872933476976,0.00934007608925621,0.315719205331842
"30",0.188600116744494,0.0187237134738817,0.0319800777072726
"31",0.170957125348272,0.00380357556100673,0.0263198412744693
"32",0.0380363621829551,0.0103382440728637,0.0185428193144855
"33",0.117191845528354,0.000890298804043097,0.0685417577075312
"34",0.145798451618648,0.00877629491766416,1.11060173736397
"35",0.00716028965869888,0.0545161994661516,0.677727887628521
"36",0.0177186395383961,0.0251682289156579,0.487839239276749
"37",0.00947371216246195,0.0136664331381025,0.0504717344656614
"38",0.0411204223540941,0.0237568892123035,0.197973053272941
"39",0.0272321951071086,0.00974825439233061,0.024303630559876
"40",0.797425712660593,0.0118315227073026,0.0571277671754331
"41",0.158252794054497,0.0296879788863234,0.0739170469999041
"42",0.0280864014640122,0.0104706390000751,0.00466998344144837
"43",0.101955356004456,0.00513272915022102,0.534164027263929
"44",0.0143069768029385,0.0204382817852667,0.0780454812135837
"45",0.0469992785115041,0.0269361152344667,0.0303826971850069
"46",0.111607106023902,0.0249658066383399,0.139773004621196
"47",0.0179185258904818,0.00813326914164642,0.759272552257241
"48",0.205472780757842,0.00617503259184389,0.0504843591160065
"49",0.0050773860610348,0.0102790703713431,0.0330788285952345
"50",0.0105546213981697,0.0101527732756506,0.00572313462754814
"51",0.114163267239106,0.00899525691176064,0.0513041581297793
"52",0.0202466553808441,0.0239020170120673,0.0258224944360042
"53",0.173940950336689,0.00547340310660104,0.029953948574642
"54",0.533386902681169,0.0354523975232675,0.415013322648375
"55",0.018988337807749,0.0140619047090543,0.0600255832046558
"56",0.0796142400079169,0.0244002312974899,0.0195212807689996
"57",0.042625486537802,0.0182401142480415,0.36227599666507
"58",0.0348268780531054,0.0112688861638583,0.687214323244394
"59",0.0676010324842913,0.00330274971629108,0.0915247798524571
"60",0.0353078978717375,0.0103674664252333,0.0220902733483828
"61",0.125941272372328,0.00954969246678661,0.576095968758091
"62",0.0132822959471145,0.0261314296056506,0.0331582411772892
"63",0.0751756311747266,0.0432371722755165,0.285126206281366
"64",0.111374318528199,0.0189049862298071,0.0198870817087642
"65",0.0207847707949672,0.0281044833032788,0.0599799332895495
"66",0.103231476792093,0.0086579744351068,0.0553369536416838
"67",0.0100283772064606,0.00971225870053939,0.151913859827982
"68",0.082613549962447,0.00189396010585325,0.0122537787585044
"69",0.0244453765184551,0.00770169867816776,0.0317324268497953
"70",0.204381310194075,0.0120859639261308,0.0376213055099677
"71",0.180551630142801,0.0152170431662998,0.00984083986035654
"72",0.0869361908462692,0.0110431102858426,0.0773342423257435
"73",0.160473757404602,0.0187842426342624,0.0345486370236942
"74",0.0859223325431965,0.0326434251990987,0.0216596794285832
"75",0.140005168442224,0.0188031027898263,0.104083248755442
"76",0.107658953892093,0.0147095346302601,0.15365941120219
"77",0.0825297882622241,0.0105129744822726,0.0212002942624344
"78",0.0396737967560539,0.0115377166410276,0.00445432521302717
"79",0.0108053280329985,0.0478036073619673,0.774906353416656
"80",0.0527976747421659,0.00848750204301337,0.0592885508232334
"81",0.0650381738373829,0.00774990586219159,0.0949943692478869
"82",0.0242257625190792,0.0146535697515323,0.229348878076236
"83",0.0168423065457651,0.00214252344047188,0.0689158161922474
"84",0.0857471227908646,0.013790751517204,0.0693012573355402
"85",0.0364028641605138,0.00214910342811572,0.610878327865676
"86",0.141194201496433,0.00595300468944862,0.386927609256705
"87",0.0942693077987213,0.00897159771952004,0.0176310423462544
"88",0.0440188842265316,0.0255171724749067,0.0256062281946865
"89",0.0396516817539393,0.00358383841951395,1.12252474785005
"90",0.127114798295577,0.00356869711160337,0.00476943144579178
"91",0.123239996944239,0.0128449170602776,0.0406358910877059
"92",0.196083867692344,0.0201826327353061,0.0304375333268497
"93",0.0857618678746711,0.0175819293848805,0.028106544081528
"94",0.0880712916637011,0.020790807529919,0.0410628085525501
"95",0.0574997973718858,0.0129345816758797,0.0159666463607899
"96",0.00994685361025316,0.0111341626848427,0.0134208785782254
"97",0.205223979756784,0.00945417879797282,0.392253256830118
"98",0.0869597511903185,0.0250951799885842,1.29166977879223
"99",0.0318106053403119,0.0856013146184048,0.0579799277996689
"100",0.0851685521137133,0.0141431600237201,0.0906889244211386
"101",0.0322587019392132,0.0110290703955131,0.0330013165028487
"102",0.0165089035691446,0.0179015706533802,0.107526311473023
"103",0.0312254994082865,0.00866840984561183,0.00245654620610425
"104",0.030157955403854,0.0128656997553057,0.0132543617156864
"105",0.117026375047972,0.0127754627289421,0.207457848501243
"106",0.0105742623760156,0.00859816090618682,0.0243563817957925
"107",0.0284316757226818,0.00860680533385435,0.0246656297744847
"108",0.0529544360070923,0.00807102328998567,0.0258698255601152
"109",0.114589036349944,0.00115424047443929,0.0422976762535437
"110",0.117969276048187,0.00196628123117019,0.716082850673645
"111",0.0213448963270368,0.00984293069091912,1.01858728931873
"112",0.0293386243933959,0.0142603000054657,1.27536373435351
"113",0.064905299976482,0.00852925801227579,0.0413679812178076
"114",0.0359420264384958,0.00280651569942719,0.02766472589631
"115",0.109652973758426,0.00836516003451095,0.0234307053788558
"116",0.199405322648684,0.0665140615396591,1.25446102022501
"117",0.0747530564165787,0.00755573917278778,0.00775976384977114
"118",0.0744951300994802,0.0242984781254583,0.00566246834672141
"119",0.0137750418880375,0.0424738263857129,0.0125027065155369
"120",0.0150177983627142,0.0519002435475289,0.71726232913244
"121",0.0252469071515163,0.017387205515473,0.01438052774659
"122",0.039240457263957,0.0224685221865052,0.0155918348600531
"123",0.0541709519667773,0.0259040018520784,0.010442739985504
"124",0.0839365412745372,0.0121031727490672,0.0891148018944935
"125",0.0512787462715354,0.00300353953510806,0.0111953799579371
"126",0.0625286706485683,0.00418071286163556,0.0192924572871836
"127",0.0219379808112152,0.0118732782202654,0.018943217458479
"128",0.0178609718042994,0.00985662996167269,0.0212559267511441
"129",0.0723870512784253,0.0196448227920174,0.414787951876825
"130",0.0498540704561084,0.00279665252135793,0.036875065683708
"131",0.14884160864751,0.00415279141707508,0.0515724146859778
"132",0.050334159697484,0.0121425310617663,1.05256362471337
"133",0.0427835866654201,0.0065506631803199,0.026601281773068
"134",0.0478714349088343,0.0310624374548409,0.697073466388634
"135",0.017749251504049,0.0114965268825581,1.02575692063064
"136",0.102435551994026,0.00803281814971303,0.459047808591342
"137",0.097442507665563,0.00541796673188883,0.0169630614396282
"138",0.0900477663575776,0.00881872423360223,0.00793946930086369
"139",0.0812920721087991,0.0106099103872947,0.0138932436243651
"140",0.00896705702346337,0.00875048443719303,0.017111435684498
"141",0.133986524755791,0.00750123932700377,0.0644972651113749
"142",0.0353373558514244,0.00551961235536833,0.0873564982645229
"143",0.086168054160342,0.00378889023289247,0.013115705231911
"144",0.0314547396028276,0.0650132456674418,0.0438655534720768
"145",0.0707982542411001,0.00626918275503973,0.00469579873607592
"146",0.104959217932909,0.0190744174021421,0.561257934609216
"147",0.0632622765819131,0.0381679590592078,0.0294941072302087
"148",0.0450128416762002,0.0041957318081867,0.0152206130660932
"149",0.0248012899818871,0.11512334428171,0.00822797790122028
"150",0.0638325576484085,0.20111293121491,0.66015882627969
"151",0.00424453239467308,0.191933662212559,0.151379155963294
"152",0.148191774614565,0.0103548177358396,1.29098998261558
"153",0.0925712174892604,0.0202419564302487,0.254721958749738
"154",0.0625712336051064,0.0103928159247481,0.0246799089612368
"155",0.0967988701079979,0.0161640571919363,0.661578227737056
"156",0.11764383982599,0.0328902840777879,0.04914500223278
"157",0.081982830142864,0.00950621350457368,0.0104170273679601
"158",0.122158689708614,0.00428394813714131,0.0245302617254172
"159",0.0608231246606982,0.0179861316157793,1.16020606635221
"160",0.0896010996454064,0.0163002134767371,0.0144181198870538
"161",0.0555693774411124,0.0208355632120469,0.0165438377306125
"162",0.0556528665671615,0.0156111616653197,0.00730229970232144
"163",0.139137661301341,0.00519889066221963,0.0632185644142676
"164",0.0799708005811958,0.000212380902752193,0.00102544046520078
"165",0.0870922295188517,0.00780158735524854,0.322395995334337
"166",0.0971869332533392,0.00768054214938991,0.0281075745381934
"167",0.0344225114785618,0.0145491964102518,0.0151407603250201
"168",0.189486006520171,0.00256312369376521,0.0101317572791613
"169",0.0173199365733279,0.0103861138802303,0.0208617094645233
"170",0.023469727512259,0.00529912758476532,0.612804113766826
"171",0.0518749085710549,0.00579910190843072,0.510369760295223
"172",0.0309155702487007,0.00559700863138061,0.0410374175630655
"173",0.164981531481817,0.0117640215940288,0.0183509748395575
"174",0.100090087010423,0.0321699566427987,0.0395950468837572
"175",0.0677296509615828,0.0048929383358121,0.314121900932938
"176",0.0252682372098733,0.0109445405901415,0.55049642209131
"177",0.130358943247719,0.0240509887682439,0.0895657402372484
"178",0.0232618377703354,0.00172080373247189,0.560079219418081
"179",0.124577400978387,0.0450180365052378,0.789816234903781
"180",0.0877341779876559,0.0762443979104221,0.0269743655107399
"181",0.0334580387149353,0.00369609368644247,1.1081533489327
"182",0.0982581089773492,0.0106523755743753,0.156561061963106
"183",0.0485566428333955,0.00185474476970706,0.00435777946699092
"184",0.042650650456358,0.00919711329888368,0.126720334588381
"185",0.0557317200174607,0.0157071344319462,0.00862981824823853
"186",0.0269718684209378,0.0175616920556263,0.0239001624360547
"187",0.048044404772607,0.0132415783301685,0.00992863217303695
"188",0.0522602982872429,0.0104914023475514,0.668611647566328
"189",0.114046538445421,0.0112621508124339,0.0565841564629757
"190",0.0411454440083251,0.0176567344037444,0.0173626388281913
"191",0.15445421405715,0.00801621409657699,0.100613886203963
"192",0.143952067529414,0.000821454208035681,0.560404365289656
"193",0.0734731985417318,0.0297679597529104,0.82066057697688
"194",0.0532880797468284,0.0102021466837984,0.0450039229712472
"195",0.116880738977611,0.00441527361478276,0.0265459433161119
"196",0.0553721894538322,0.00408131872064121,0.0386900401775192
"197",0.0565518848314011,0.006456621516367,0.704650875345807
"198",0.0741981437116944,0.0224209053613865,0.0220511779271823
"199",0.0725758679124425,0.00616837740444906,0.109831439217035
"200",0.0371651214590204,0.00161217084928994,0.00366868904884769
"201",0.300800760647759,0.00698285622611596,0.143653432542531
"202",0.118401440785774,0.0177941098164217,0.0144102404195829
"203",0.0453467988926191,0.000750585910682761,0.0125961092369674
"204",0.102308970366945,0.0505792795905409,0.00698674605053818
"205",0.0585456120678203,0.00697605375365376,0.0298989832114364
"206",0.0270666005532762,0.00921384588505228,0.889369792744049
"207",0.0206050582570887,0.00317021404652163,0.0171716857210532
"208",0.138331923877909,0.0148764614977683,0.0147750081916292
"209",0.150149311947577,0.033724848741631,0.0437922192845548
"210",0.00652821265281523,0.00327336773143535,0.682259059009773
"211",0.0820267962047985,0.0185160548958165,0.0448724970328474
"212",0.0805963596610126,0.0035428499654078,0.0168124950759347
"213",0.0382597647256426,0.00317477236965459,0.0482452645853679
"214",0.12129999985654,0.0226521196471634,0.105798069478926
"215",0.0459584876352536,0.00139523177964907,0.0297899816135735
"216",0.143796776228948,0.00292027567617991,0.0146975148071869
"217",0.0261683689846911,0.00394930256243202,0.0933906347658538
"218",0.0939532763180423,0.0229552115081072,0.0289475836634249
"219",0.0380241457392567,0.0351163098805988,0.0144202127141408
"220",0.0403545472896494,0.0328132656395513,0.0337556932997342
"221",0.0530316777589529,0.0155728105631714,0.0215356310476144
"222",0.0242822029399786,0.123134773603636,0.295478344381725
"223",0.0778322448823821,0.00697280181771754,0.0358793288154902
"224",0.0540346610746028,0.0246220479166504,0.882942763828156
"225",0.0613381617698117,0.0123029983670785,1.08474248345995
"226",0.0438057541598359,0.0890505307261487,0.012325688986221
"227",0.0455242462345315,0.0202505318937965,0.16451362925545
"228",0.139073574065115,0.037024508734558,0.00682253203570236
"229",0.230377961069602,0.00771513164961202,0.843429596682084
"230",0.167429836445895,0.0107342073908431,0.675908413562447
"231",0.0569058489693424,0.0114089894593995,0.0295851652236624
"232",0.0349450445345407,0.0110194195484072,0.0580426624455542
"233",0.0221591944870493,0.00427246727096996,0.0262821044791353
"234",0.131427553440658,0.0148720965801737,0.0140938902812541
"235",0.109718178514203,0.00467363600524519,0.797673714735091
"236",0.103985698036911,0.0179860350581693,0.0331735971683343
"237",0.0249073484445787,0.0303091912877876,0.0309533180016379
"238",0.0767817030579501,0.0139540693344521,0.930261501593928
"239",0.0131209435110025,0.0446349635486298,0.0046171103521951
"240",0.0659898702228653,0.00406572392587159,0.0368235373015139
"241",0.0351429043948781,0.0159070908244677,0.0325415819364314
"242",0.134662096342151,0.00617191467266853,0.00922387643490301
"243",0.149497323697466,0.0180688772367261,0.0205321489116192
"244",0.1826350605945,0.0103911906279673,0.0434813074307379
"245",0.0244611800235709,0.0180368311261711,0.508479420281511
"246",0.0445800812543375,0.00801287685856829,0.455765349202067
"247",0.0285676776028561,0.0114852255472468,0.923961076895483
"248",0.0896427298500466,0.00223501940985696,1.1168472187296
"249",0.163060523021524,0.00586203777256902,0.0259757350469686
"250",0.053968083539785,0.00903909782153805,0.0302627017416886
"251",0.0991087692790754,0.00397126374156005,0.839378016345687
"252",0.162199376562962,0.00695782798694941,0.029818570895998
"253",0.116443415299357,0.00997718283579875,0.00534346895793639
"254",0.15342754058784,0.00964899600573852,0.0305519584169073
"255",0.111541495538616,0.0128181159110747,0.0237588849478421
"256",0.109058697606201,0.0185868982678265,0.0376679215032126
"257",0.0546324819796641,0.0232483470908025,1.14681728205383
"258",0.194076546671984,0.010950088540028,0.189565224938759
"259",0.185552889837226,0.0105863772861793,0.0650263311891035
"260",0.0177000044719291,0.0045908844080687,0.852191680857873
"261",0.0392382445450882,0.00811827698935779,0.987475450331231
"262",0.154705648159534,0.0172292963321499,0.54875535954635
"263",0.133069410606207,0.00259073325859679,0.797553774604893
"264",0.0721757160358613,0.0152702733079651,0.0598035331131047
"265",0.113443319302911,0.00679446784953846,0.016494356618966
"266",0.0557717983672868,0.0333455048508764,0.340604794197066
"267",0.107581375421849,0.0166146668657241,0.0293344208674759
"268",0.123690600400406,0.00775339713266612,0.0180664772137816
"269",0.232939237042007,0.0250306081225542,0.0367004200533048
"270",0.0553301677575476,0.0348148043013541,0.00286344674443625
"271",0.0292802920277373,0.011530439159335,0.0159555233508695
"272",0.103841374500428,0.177753616698953,0.0222848092934526
"273",0.088497345675823,0.0421865247488282,0.541470389671777
"274",0.056518096668158,0.0150942420273823,0.00450645719818506
"275",0.0269177196079047,0.00904288219586336,0.0383976239446006
"276",0.0530025917698686,0.0778329128178007,0.00940671030020116
"277",0.0975913992575579,0.00449949255387376,0.00712565265212589
"278",0.238517331316703,0.0096159819386598,0.0426141676299275
"279",0.012498448553002,0.0102582088001315,0.0274929603081207
"280",0.189723868493557,0.038798624463883,0.983396829128426
"281",0.0621290948996412,0.0277868742595087,0.00805474737903224
"282",0.17684046339813,0.00774386386523015,0.342100163094056
"283",0.0138785994990349,0.00229841279302702,0.00716902604770726
"284",0.115006435045472,0.0352354566581841,0.0286533212319054
"285",0.340984809552317,0.0129339300789625,0.00882314912827131
"286",0.0417001506152477,0.143198100891528,0.0620063015636567
"287",0.123277542956286,0.0136002872960861,0.00795336636579428
"288",0.0319192634936159,0.0104749582194,0.0346012377939235
"289",0.204559228752522,0.0051426635204888,0.0705247034635632
"290",0.137102394065582,0.0177800480303273,0.0373646970336873
"291",0.193666655810745,0.0110376402138818,0.19079994567766
"292",0.0656173068211651,0.00355597062287792,0.0510116545214137
"293",0.016948435930982,0.00349680856346133,0.00841996364465066
"294",0.215629254168934,0.0136431376405838,0.00610155124705332
"295",0.151935363848539,0.0194804556053808,0.00864258337523213
"296",0.103904492056735,0.0166823387709636,0.0161292057538684
"297",0.302678936006964,0.011721250151663,0.0252122486729721
"298",0.131725811599346,0.0168487119177703,0.92837829806648
"299",0.0490040930091829,0.0102161477490953,0.076849660313574
"300",0.109572780400276,0.0656771289300309,0.922829236814757
"301",0.0707920941080876,0.0067663871060034,0.471666441506108
"302",0.0404254811658619,0.0303322242490143,0.0644956700743146
"303",0.047736088815294,0.00997192754243177,0.144971690723712
"304",0.161444098436237,0.005157073528436,0.0175447566894388
"305",0.0579808142480924,0.0054357975424273,0.0604656014763658
"306",0.0872072620118672,0.0225645655321527,0.0393542528254297
"307",0.0580431326270812,0.0062318751611559,0.0140864867348482
"308",0.021387683071998,0.0118095897835268,0.0347085142812834
"309",0.0213468491373176,0.0365120349640503,1.04827205664125
"310",0.123960401344324,0.00393315285319725,0.0489832370814252
"311",0.0241257820381729,0.00956842852243163,0.05931004806444
"312",0.0706214037912552,0.00642756778922059,0.0813557145751446
"313",0.169514253469622,0.00770397612027479,0.0110377532658398
"314",0.129676571146733,0.0195656282616889,0.0173174973835696
"315",0.0456586028079808,0.0213414486292655,0.0619642008330558
"316",0.0289114795349939,0.0147643035218062,1.14373417471159
"317",0.107092361713198,0.0612716384299648,0.0851459902464794
"318",0.118227600350923,0.0175647275957706,0.00788165855591412
"319",0.14370168302905,0.0152698505758891,0.030921273109334
"320",0.112741744821523,0.00791472448697657,0.0284138755233503
"321",0.108727224746614,0.0181632508459796,0.80686656690801
"322",0.11546121298948,0.00434907176751992,0.0925164960401023
"323",0.127661518147617,0.00969008529367352,0.0121210874004435
"324",0.0792654343758932,0.00817251664094019,0.0309600991494414
"325",0.110533351817414,0.0061747443011179,0.0017150837650714
"326",0.105184855767938,0.0123155852412472,0.00753560058962492
"327",0.0956649982543624,0.0181965550669595,0.00485104340344621
"328",0.0563100005700138,0.0272264552957877,0.726861375377434
"329",0.129329333686626,0.00610167396189139,0.0944485218961125
"330",0.357492999715435,0.300868025801684,0.0587142539432547
"331",0.0367982399421971,0.199185596679401,0.0300171897918079
"332",0.0496700251479322,0.0651013968936306,0.80430000940494
"333",0.260255197893237,0.00732971254351282,1.15861219675466
"334",0.139311955321377,0.0106434051245426,0.0795074784019428
"335",0.434777417724943,0.0170126922138246,0.029369184002394
"336",0.212191025852511,0.0313023983786994,0.0514082310517062
"337",0.114182400143035,0.00515356802815135,0.0264167156245334
"338",0.124498661258542,0.00480717798665333,0.081834173560032
"339",0.0738355668180229,0.0142446069623339,0.74957520800417
"340",0.0822571187803515,0.0577025496961061,0.0178487001077799
"341",0.0795584413686375,0.00618869695483579,0.0235110614098059
"342",0.0252491962417482,0.00857540472044248,0.0241100502523659
"343",0.0423098849837372,0.00330196732940631,0.0335384130151794
"344",0.0544955963434709,0.0851431220381972,0.0635605513644437
"345",0.00183416453602943,0.0175466724178114,0.0226213949198458
"346",0.252911456535138,0.00139646153412873,0.0141135012408669
"347",0.0861250847691898,0.013812887864105,0.0374995108301419
"348",0.113806412916755,0.0439903113664094,0.676663069409523
"349",0.234110790015075,0.0101568100671182,0.0326855768048968
"350",0.00840533211054626,0.00796612251864536,0.904530041959132
"351",0.0324770597541887,0.00887129591031342,0.0125525161584526
"352",0.00353278503541837,0.014636650487907,0.547253992747871
"353",0.165858238851026,0.00382382374211582,0.0693207945415535
"354",0.0773327303745131,0.0122942154742859,0.0600141544353734
"355",0.0609106675879008,0.0178685271500395,0.0387762326952456
"356",0.0279508452621186,0.0177632091866029,1.235748943257
"357",0.317040771364266,0.0212245377554892,1.31440237056454
"358",0.0214746183334664,0.000404483884514181,1.11789250517053
"359",0.018032663355809,0.0145024556804093,0.00663927037793296
"360",0.0516294225889542,0.00819109742880884,0.00939479242326494
"361",0.0536916420600096,0.0544538558405393,0.0172400378143455
"362",0.106351664485883,0.0128679738146366,0.0101764483132843
"363",0.0339811923563612,0.0057881702947517,0.886206328756209
"364",0.0285863170894372,0.0247631655935657,0.0898551404350971
"365",0.240558994505586,0.00595719684217878,0.259193291994371
"366",0.242623346392835,0.00053339500303217,0.127016130498579
