"","JEC","JSC","TCG"
"1",170076.897010642,38929.8083416509,64975.9911380452
"2",2766.98022656689,26554.6487617837,47007.9987105789
"3",9122.90674360912,2122.92112343695,107687.40863513
"4",25318.891245427,1224.0367017224,92603.5122037513
"5",30718.6363384324,21012.5907586245,97450.2403194112
"6",2044.29453214677,1300.15995812469,2578.91548648924
"7",6591.49051915844,5243.52639756134,1754.84957191754
"8",240.458772625995,17389.316946431,11597.0642418466
"9",197.901290740086,18270.7671922968,26920.7746002254
"10",63.4275490043986,1770.99523560475,8165.03441216791
"11",3154.79064499066,11091.1868393849,3703.80650904297
"12",24071.0627656555,2713.07740573531,3243.14527964888
"13",3361.55350764427,32585.0526123477,3498.94862752572
"14",6605.09628641486,2868.58699386642,37183.4548723625
"15",2371.43360963417,3695.98862268598,8780.42535381986
"16",4342.10435239889,29244.1169482856,2371.49993042926
"17",162733.283115251,21832.4293525038,15753.0695444432
"18",7958.39898074387,37315.0745834692,219005.452164712
"19",69728.8926428378,2078.97108931452,73992.2421033967
"20",56647.7328877146,54002.3287663203,43207.3890354092
"21",14449.7422343711,11791.9014350459,39722.7823921863
"22",32922.0204037682,12783.1189080026,44149.7818722935
"23",45572.9319358911,5986.28903027874,15202.7871366863
"24",7348.28632870319,8274.22089641931,39046.7499896079
"25",24903.0179734552,9613.84186668507,31579.9751350664
"26",1863.55884755235,62395.3613834224,18453.9424251654
"27",1671.68970927751,96161.9282634059,7130.78270957757
"28",32001.9599720645,9220.92128229066,37799.2937738134
"29",4811.3986051935,12102.4246928743,67312.098627949
"30",10229.7963582028,4288.23085740074,4750.52823682034
"31",6634.00704112271,4744.11739093243,11277.5214700097
"32",3207.33978929469,9719.67496248201,2589.95319775565
"33",974.514862830037,2802.8101041236,8756.95585862321
"34",18658.4192458772,6840.95222215053,703.25415499781
"35",33026.1936363979,23541.2564534661,561.513047442343
"36",19111.0594198229,10286.6181448233,1698.66747277858
"37",21958.4626779958,29865.9797288518,34620.457227205
"38",11.6308765941567,302.512410366618,2146.66267628594
"39",6253.09594622799,4684.31385258619,8882.95972748103
"40",597.245051113238,6180.82271899659,9915.53391774954
"41",24816.2819824726,2246.16035273398,6563.26455322996
"42",9919.62183035446,15563.8808510732,886.129186975334
"43",218.656022425969,2711.71754085494,4.69773318827139
"44",2150.3592389802,79.1799251764216,2152.47278416381
"45",987.752556767789,3521.15685979154,650.616284241955
"46",392.555694273574,1081.50297153003,1354.78893722627
"47",10203.8693321791,2929.45952842417,4009.02706785894
"48",2746.07659351614,7629.60874427266,5367.46229578232
"49",9224.34305769043,4027.85561297271,13172.9302073094
"50",758.350998866272,7592.97809032617,3280.10058549509
"51",4953.77362294922,4832.88726080087,5076.09799359968
"52",20446.5242918019,25668.5168069943,12563.3260842624
"53",10706.7134716018,7673.42708772169,14866.4187189044
"54",961.657425891366,27761.7631800803,4198.14332749809
"55",79295.7219520092,33383.8892305781,28629.2311056026
"56",12105.3854566322,20561.3626336084,10175.856385604
"57",112463.70977526,5223.79381186028,1586.72710822027
"58",22784.3985412786,977.783353980378,7360.57513973241
"59",24152.2403214061,12361.0758340467,5266.15880532121
"60",20564.024579272,57498.7670065031,12023.9941401517
"61",30407.4448679862,1536.59602084588,4031.73339422085
"62",30280.7094558045,10935.7435746081,4842.17172126888
"63",7484.25285030413,222401.029174038,2476.95773564247
"64",2499.88904146165,21835.4516525894,10180.8603662
"65",20665.9507792561,53121.2352609253,25095.9206161852
"66",59059.202243608,11428.8470556463,4690.38114346106
"67",18285.2265680813,19934.5966404481,21531.397792801
"68",416790.452559233,15783.4344757337,9880.39663386084
"69",5748.24539886781,39801.0568069811,40603.2522248367
"70",20528.9507412644,1792.99642496612,11563.9944333891
"71",20357.3973308969,5213.27967150361,811.251184512191
"72",2294.79198608234,4250.75474763982,72328.9336327208
"73",1394.97189237605,4992.38237621825,20528.7607855572
"74",7662.021514349,174.376149850902,33853.3044577669
"75",5771.30319917141,2456.35867398808,75950.0658311817
"76",661.151562604837,744.925895970288,16829.3388119903
"77",11787.9022054385,1348.77623202024,15507.3085499266
"78",258.715245542585,2814.3474184653,568.459857500998
"79",3716.89285397191,1040.59258996703,10547.7801721712
"80",13854.6836194448,447.401997193188,21725.6931817728
"81",5807.60606895277,1986.90507061383,24151.7002582491
"82",85980.7505201392,2882.6567990706,319.754106759112
"83",1114.25147771862,1438.18883202515,1977.08951415833
"84",495.182554931288,2751.40307314726,19308.9485164896
"85",175.805906570603,539.178899721784,5884.30607433152
"86",5103.04258205402,6713.43897451047,7745.50476710632
"87",80745.2128715953,13141.4217615568,15242.0246764924
"88",17146.2347468101,9087.39751513174,22003.2558022987
"89",8393.5390185562,936.479347244024,37970.4541312393
"90",9170.82129872573,21782.1367936968,6982.80944629446
"91",5565.14360261317,4302.4951270218,209821.036075927
"92",22038.7515182573,4377.66081417725,9537.70453851141
"93",12104.6290432859,2983.56607537914,19097.9955013664
"94",26083.3682843045,5510.99763205211,12284.5404867016
"95",2723.78787670071,845.07790803689,563.339208952669
"96",759.54634920954,4876.16509955403,70.2787444303398
"97",4301.69487379634,638.543127998004,470.449498737645
"98",38866.9184744391,1129.17947912033,3562.50308614881
"99",26363.5450127299,198.171018098007,6957.1777700328
"100",4153.37686392793,8273.46470906077,1248.6252737874
"101",25732.0545332917,4048.66489670011,7976.41189106449
"102",3910.30682111143,15358.8771025769,1195.96020732983
"103",4889.2078683641,1222.11884834248,13702.7072746211
"104",7999.48794309282,3982.79322395651,5647.36623155086
"105",9466.46697981939,3889.90736397408,26878.7773403107
"106",51101.1358872638,11144.2826913448,2676.00659561676
"107",188105.822412368,2727.34832907848,25289.5810365351
"108",1340.60223915191,50932.6512599534,8077.0451663032
"109",1034.39069214682,491.164074426258,8224.72970515164
"110",9819.7344021611,377.77921189527,349.060527383892
"111",11241.5779861431,4488.3292031672,9345.06538720258
"112",9170.52140461004,14212.9329844852,16555.5862655626
"113",4024.63911098977,126.392210613063,24130.0952692037
"114",5604.94238994747,1987.03705577233,19125.0763740049
"115",10572.6402841329,3165.44531286353,997.356616782401
"116",6989.96157312614,19726.9865120941,4898.86843195528
"117",5504.41598750129,3357.34845942202,1112.78925455833
"118",28960.1982568434,39254.6040910073,14878.3600046616
"119",49097.0235152357,54660.5324077315,1236.89955704798
"120",3781.13410073172,4367.94449015694,1196.5391876596
"121",22650.2943893007,4417.57557931484,5574.26710894702
"122",5581.1695520454,6910.20126490652,4790.25858996233
"123",37083.6006610976,3162.50861848481,3181.01553645821
"124",14466.6600535711,247.083868929625,12379.2444096972
"125",6210.33211904496,1268.39053375924,1289.81704058935
"126",4443.76185526724,1297.13829866531,2326.57086526943
"127",27619.1901195957,710.553534231983,7619.73794713814
"128",18265.1596662711,1502.68363436464,3048.80892162843
"129",29661.5752227502,3695.14543060325,43.4787307858347
"130",8385.28843695303,8361.51704954854,8375.30183682327
"131",12688.0467974293,677.185431433935,3468.86984671053
"132",4941.65553805713,145.226780543901,11191.7103662528
"133",24999.9051413245,12381.3123533634,22547.3484110785
"134",16795.9889784835,47139.8279494163,23052.8789755619
"135",2381.10459734606,7131.85738342216,8292.10125165991
"136",2166.57479759108,2305.70863304857,158.44215984709
"137",21995.5077142826,2046.76606922532,216.218465807816
"138",21346.1177600999,2788.76443451154,1224.46744589693
"139",20058.324831398,4865.91619872575,1173.77958238298
"140",12316.3804914079,492.50635566911,4953.89714328624
"141",46062.6276788959,507.872196444481,2228.87066660392
"142",5201.45556368609,96.0839195701111,25012.9211587448
"143",2519.51496658002,299.821135493617,12185.7906079076
"144",15357.1591825237,232.356382158105,5287.96949459657
"145",549.090881572658,679.124546813613,1958.60512929561
"146",77356.5100158064,3022.76007986502,12267.9974800528
"147",41154.1456542608,290.185597276085,11403.8722117907
"148",42109.6004357955,230.957393816608,982.700101165506
"149",16675.0527457366,1295.18891099903,805.989957932293
"150",33201.3465840172,1465.28657200612,389.49867523552
"151",35091.6478521265,10359.4209936393,3642.3588723623
"152",24970.716379803,8972.47191246054,228.160658304527
"153",2342.72054793769,16412.0344228928,5074.32912004938
"154",3767.99982900645,1431.5096640918,1861.28995297141
"155",1925.639407664,194.002370605722,154.555492557373
"156",1132.30772720022,1926.48154406186,17024.7563113647
"157",5038.56269285197,1910.8759787505,77.569699720772
"158",3123.88033318989,2299.45538190485,1790.38092135164
"159",6130.5103084499,628.296932632606,5782.64700717631
"160",5328.37004013239,84.5299867503402,2396.79277666143
"161",25536.8654389169,18001.3271857673,19356.8148341039
"162",6376.3780925808,1138.38757939989,2795.27728751492
"163",44570.0714099389,200.739201623192,6237.63715896329
"164",7471.94334231058,2173.31087803308,2702.28064087745
"165",16866.9573034642,7725.61373014799,664.121661734598
"166",16973.288581096,4243.10307055821,2234.24762181223
"167",1523.28416836858,5103.20798696359,5945.00615781379
"168",4127.45771909077,2168.16065093854,5678.98605593816
"169",7283.4729861819,1295.15355618186,4298.55642258058
"170",16650.0469835802,1332.54387094797,330.812847210092
"171",17180.4246564672,651.799168737472,2193.96656842007
"172",13385.5818094993,481.804857749731,3675.39523307999
"173",67343.3549915907,135.754506237007,3568.8140296793
"174",2208.69254034406,858.330384810234,259.921512592593
"175",8767.9579916292,8495.70422428529,8.8774670122058
"176",13622.8175327282,2891.42607796841,2590.46102266018
"177",5876.39173889245,1934.35514791724,3871.96885464946
"178",50520.4950277424,208.467061096165,49.2491442049827
"179",18870.8481677075,617.200880063239,4280.87780391269
"180",16178.2317818971,5747.67589629409,9137.87879578384
"181",9828.3154156885,1549.43599412555,1239.64918245989
"182",10632.8474529929,273.988082699297,715.236357252772
"183",4694.530312571,348.103029543833,609.36527860479
"184",3454.26924471839,616.324273120589,1949.91258168479
"185",2950.88236015374,27.0208076548238,2689.56943986081
"186",3922.06740233434,1775.35374405408,6579.39659527659
"187",6909.04913201035,1255.84469204183,7613.08780357522
"188",2423.15119147896,10322.3291543985,7559.69358472062
"189",6102.39670612307,1225.83413858874,10694.2990940734
"190",5537.90180950305,216.246083530983,14226.2843166107
"191",41.5404152292987,446.247286671476,956.953000171569
"192",369.083510988248,597.426109010879,99.1221728483144
"193",9826.41709139147,3913.53275923391,15152.9393957142
"194",4118.50250342138,4329.63756973067,3394.36787692063
"195",286.796160024422,2195.74414640723,1139.95675455425
"196",5423.01306105025,3745.82688976117,3102.66519100322
"197",7373.13907529974,2315.38989835548,275.297025392799
"198",14380.4882515686,786.245939560038,8307.03883042141
"199",2596.6772678091,505.871547370594,6558.6202945772
"200",2088.54688087462,915.660619040966,250.936007665105
"201",6951.41230266528,263.439133201331,4199.33329648962
"202",1309.49795112169,1203.29090942008,77.9700040881187
"203",3768.22829706682,2471.72198382466,524.965259668695
"204",6881.51246616577,5639.11070816079,1986.45631387955
"205",8623.00294874121,508.646132191,121.579586808143
"206",3089.89309235129,1056.02942143915,51.080132942142
"207",10264.1134357525,3149.6743359793,3681.36239837372
"208",6555.6789150581,709.365023703815,1032.75326352332
"209",11168.6785606836,397.236788676435,626.962099891489
"210",9840.2816002388,882.440690282176,1481.33925264674
"211",7630.43416952946,4438.08133199997,921.608691415498
"212",46518.2531417577,673.412490004085,480.438955579127
"213",548.459946573417,5104.19843884398,2414.03239086608
"214",2076.66217669106,3190.40933195185,3561.99027369624
"215",20598.069580287,111.426673677838,3286.10947896711
"216",1357.73599681985,586.792305537979,12137.5090594818
"217",36373.3198438031,1215.09693606058,4344.7924507574
"218",47934.7456489326,3612.90743695713,4376.55525813298
"219",6278.36937479494,1365.0219804388,1359.43225346213
"220",960.51697988813,222.034408225204,2478.3135266402
"221",14.9468445300883,815.584761862535,1449.97426233209
"222",3261.38109777187,12.0838976921942,10160.8609491782
"223",5304.72891019589,885.058275683825,19978.4653646682
"224",4007.58750268052,29916.2037647124,1381.63375885168
"225",5329.49599582945,3512.97225836876,2757.06466805961
"226",6566.73233597916,129.538522607232,35255.0402375706
"227",8590.00258721542,540.573706090581,25209.5567691268
"228",1415.56350112748,13.1362064296473,18975.5532557959
"229",778.034780244576,103.623864444363,4755.55701707252
"230",3277.08017851317,692.467935756551,212.405814287482
"231",432.661386531815,5428.64512195933,1456.04158520179
"232",40908.5173805517,5419.66268836597,209.622015636145
"233",7802.99342918862,6746.99827041684,2078.14589673316
"234",1071.46932962086,1787.35329589885,1998.91004672911
"235",132.148845759848,533.343299677428,1930.16389092262
"236",3115.01523790756,176.010966082994,264.701422060838
"237",14791.4504028274,326.774772446798,17281.5550304665
"238",14824.3177682925,291.639650262266,596.888939557237
"239",1328.05851343939,353.008687187973,892.104798203448
"240",1112.274046044,29.9994474860083,270.2066469401
"241",1178.33152908589,882.406613884991,7387.10599026127
"242",195.552694113304,156.449034881205,26.157413173006
"243",7669.03541557247,8144.68720540716,6940.69035819241
"244",4385.99902712082,1613.36757442329,4569.43183663611
"245",9701.00973766927,645.599105090224,2361.79724215748
"246",2342.01914532784,2448.07863806056,106.075649061269
"247",2206.94926666648,3844.71781580573,794.260969404945
"248",2194.14316768103,232.500091022163,8400.5726600212
"249",2840.19243201116,106.524036386657,10117.2438123386
"250",7122.85123477014,618.654229592569,2618.43534778646
"251",23068.6241163819,87.7528922049763,2372.41448442068
"252",58219.2401386282,43106.9495657393,5884.61171367074
"253",19942.0616428287,15284.4499132094,856.509941308997
"254",3824.97988733064,2255.12924424275,213.609815409363
"255",14609.6443757982,1428.98595206749,27125.3386362261
"256",28442.9760860816,518.763848307772,7733.48811166353
"257",625715.809082848,901.839129997115,1567.94997698975
"258",1902.25817667109,952.712685869819,5824.9684673936
"259",6427.41768096809,2024.07322576971,1536.07448626368
"260",997.94375070786,2816.57740058727,8380.05370969614
"261",1859.52016347677,1603.90668878095,2753.07965656602
"262",48403.8090476225,9367.70447597417,19.4047910623961
"263",18059.4986819292,13200.1310330234,810.670117105651
"264",115856.844110415,3471.28241364327,1102.82839915259
"265",12442.8688199053,1677.74689878456,15.545325166918
"266",16237.1440757126,63050.7119355274,1185.21276946089
"267",3456.5296918422,4823.48534528807,6044.17380932501
"268",8185.14251346773,4239.4101742676,1503.98729202567
"269",12293.3852251291,381.091958364477,2923.13972974188
"270",5481.18908087744,6642.95177743581,2514.96929267609
"271",248.73763002871,321.701857672273,2187.62299537913
"272",1014.28762831425,746.141637687568,3909.67855129305
"273",827.967411872533,58.152026594025,839.166508250404
"274",378.628379960062,10214.8182345213,16854.7925265521
"275",763.876479439765,21864.2900622195,13972.7664839134
"276",25946.1779525027,22074.7017972898,35775.9574214596
"277",112.901276692861,1898.21933361992,42657.1375480325
"278",28681.7963050483,57.4571173587549,3874.77382055943
"279",45912.2070345897,7.10193198524061,2689.40700110605
"280",12762.5711480352,6838.35970007916,960.969063934427
"281",10094.4088152912,48442.3010887713,3175.1020864389
"282",1777.05266640651,2898.77100906848,210.314653668193
"283",12591.5137680304,842.377967466089,1055.66364827618
"284",44299.6247823496,2162.3374792777,1987.18858816911
"285",18752.9959938779,9037.7180852929,1430.76100662265
"286",58722.238881145,3073.3677990687,6141.31439331548
"287",29342.400247552,10905.0121568709,502.67631823443
"288",34765.4070757677,11417.6624646993,37422.6122992051
"289",3832.21248134021,52051.8451597166,26183.9001004954
"290",5301.25702224137,307.128369754127,1229.43685259825
"291",43455.0951635701,511.227609846503,8969.43090748537
"292",30990.0874879954,9734.34064023898,20862.5472608741
"293",21848.4893061521,6126.51320247707,28209.9594992268
"294",5502.70221040919,13614.2967948713,3545.54803274299
"295",9073.57190551469,1307.54492257245,4402.9184135151
"296",25169.4264779819,399.221658863531,2772.28829101959
"297",2832.23446978108,1046.20582248836,9328.86398758031
"298",7868.58299925851,232.687802116541,2763.59887611281
"299",134377.973250191,63.0337070207762,1493.66515791533
"300",3459.58815437135,453.892001239078,12880.3920157304
"301",1310.98131385833,14903.6275845359,4314.62626144921
"302",263.648913704776,29119.3131750673,32012.924912497
"303",2322.01640881187,4176.19207402831,28046.1474590311
"304",652.545735954758,17348.1342692145,21560.8877077803
"305",2289.07191479725,2018.40137410052,17193.4364914792
"306",1979.16108351536,1431.1116589685,6494.90566971866
"307",14847.6523911218,8291.07534630733,5208.05132294494
"308",53217.4568871767,14145.5998973691,15060.3986657416
"309",1607.41953574847,6539.86291474015,12889.7635888815
"310",9458.27914741426,3444.02024849421,31500.746868625
"311",7001.37233026998,2265.06252749249,61910.7993060338
"312",5955.50976863967,476.83589847517,1879.54925195548
"313",11978.0005325166,6783.98117692676,2454.21589819892
"314",14337.1655770267,238.038818436907,7779.24621065231
"315",31455.9549532966,1928.2822421047,3906.40614597428
"316",131705.445896017,6880.06116416224,563.989940662182
"317",44022.5331645638,18676.3624350968,44795.3563796653
"318",1628.59220921883,51704.5801744992,3439.73667917099
"319",1951.43938917883,175.775484069919,2729.78225424315
"320",2093.78853037216,2633.61222698955,3083.42641360978
"321",1196.90383693597,54.6107927003082,15461.6366095282
"322",5597.72107228438,140.914430492527,45247.2225414826
"323",4693.26537544558,889.280663510409,48544.7656541479
"324",1064.91050631097,328.229871564019,48306.3368619264
"325",1285.5567404531,96.5701245501907,98976.3548592782
"326",2945.40159539056,1525.00086273533,6681.7584222179
"327",21812.3155342299,2276.80077667878,56412.4238999217
"328",112248.004987301,12872.6358800264,15814.6325366538
"329",12961.5632600654,1043.90111531377,10267.9568141547
"330",56577.0567271972,1010.07259920115,8202.62910326594
"331",1656.89713752957,2252.89722677945,4335.28925110274
"332",6674.24614986678,41936.0053543119,3308.61833167509
"333",2997.9319911589,10145.6722701854,1367.98926721713
"334",3010.31420653719,1379.46597188566,70857.2846345502
"335",4236.99164585181,1320.54319565843,36464.4490372351
"336",7817.43625155265,1679.55020234239,37988.2988881353
"337",2153.93946541936,550.455613929662,19518.2800666164
"338",3095.58948246928,1208.08052912089,41367.540713747
"339",47346.0775288334,2987.84655077563,54347.6604452997
"340",245.553419820564,90823.6358820499,10862.140995023
"341",21005.555841074,21816.0189056838,5563.76704981979
"342",4480.51115423556,6834.27281861192,7768.15068552648
"343",2318.65453453153,2943.85513306779,381.643681821939
"344",5603.25235133471,10485.989335918,2616.86188415629
"345",3005.05374312842,11781.5420321211,4239.18835984675
"346",6332.10622466832,8495.88862309814,12290.7384836413
"347",2219.02075526129,202.826961370971,1905.98773148078
"348",14468.8920033294,274.369966635736,92.0505579817521
"349",1666.44495033595,641.441866068951,2363.17293038091
"350",9112.00319469402,469.812925381567,7071.07606542001
"351",3890.3495109096,3599.08181956927,28366.9372811126
"352",1120.36799113264,2989.9230946241,14118.0048053518
"353",2164.09775734568,2808.26880547957,22932.6661525145
"354",10727.6186106526,21486.7869271475,45025.4714025837
"355",25169.6023267358,36095.0544124981,35893.4513670331
"356",5015.48264458137,57346.5910479856,10026.6757996242
"357",3498.51627495358,6901.43337786065,4598.9281752874
"358",12316.5216197021,994.588562622661,21251.4700685038
"359",9247.77809038063,467.247774087528,2913.47930134599
"360",4732.43940755922,22850.0916410536,7701.03458293969
"361",1218.50633563891,106307.356708877,6759.05741227079
"362",1270.49748740574,4969.01548202724,4771.52986799191
"363",2686.027242618,4699.13128158894,73.4484545892098
"364",2358.79097140887,4078.36518093581,530.316312079477
"365",850.36518659471,1947.3336911732,2422.4365784559
"366",44947.3263046279,2134.74626254053,2770.58815065702
