"","JEC","JSC","TCG"
"1",0.0339663728347936,0.00869792110972256,1.26333630374469
"2",0.00651804635027715,0.00620268343989368,0.166480461188111
"3",0.0308806234909147,0.00356772885021246,0.0730914544065953
"4",0.0184502883471969,0.0133072405496754,0.0422344509195829
"5",0.0128463813054925,0.00544560888758292,0.14858283724062
"6",0.0342907862727978,0.0123799705756763,0.029996963978067
"7",0.138200792355613,0.012074983182563,0.0291252004772575
"8",0.0039249477726326,0.00955522469884374,0.827224897835204
"9",0.0234064973465002,0.0278966586276621,0.0549691074297782
"10",0.0199159653376332,0.0203632193121414,0.507145907514932
"11",0.0272746347209443,0.0203659434137101,0.119712877900407
"12",0.01780618515203,0.0158712695424897,0.19298654841823
"13",0.0295075553053643,0.0231737193967053,0.131965367147403
"14",0.00968537962088324,0.0811049050189061,0.0316257221171342
"15",0.0351490612457401,0.0429479418294956,0.0365558049408661
"16",0.393146142640938,0.0239281914380668,0.113173687870959
"17",0.0400787896557243,0.00648147017092913,0.00920094709356819
"18",0.00402539209790089,0.0130523815473396,0.739614673891638
"19",0.0316336600591719,0.0257067122491029,0.12202541748247
"20",0.0386988792876234,0.135957129023372,0.0587143411815608
"21",0.0124209447626121,0.0109727143125869,0.0199586417726512
"22",0.0670422062702344,0.0169575164560714,0.0420814466314314
"23",0.0255380156550111,0.0282892886422564,0.373772396146375
"24",0.19165386681019,0.00606955522812401,0.850361200964327
"25",0.0843976713505545,0.000590903304784039,0.0554412613578146
"26",0.0264086131544447,0.0542963808198298,0.0133049591989463
"27",0.015300176451364,0.0295865282428744,0.0472395482817463
"28",0.00310521058002684,0.0537454916345742,0.0801982556397886
"29",0.209321381954122,0.015088521859605,0.10866165998132
"30",0.0300449800074795,0.0219549272593878,0.0306489131747586
"31",0.0225590145983966,0.0106674364536784,0.702405045286808
"32",0.00700319568184416,0.00260630090195386,0.470117428636572
"33",0.145632574120716,0.012485306867748,0.0263975740138938
"34",0.0204514506647381,0.0230985026951089,0.173569879263015
"35",0.0128026260746289,0.0496254466719307,0.554014723762069
"36",0.0208069621170862,0.0355981814951289,0.506004039318808
"37",0.0590925642553841,0.00976672370513538,0.099664927746492
"38",0.013023373264167,0.118956265110606,0.54958170578137
"39",0.00259856346902935,0.00753588276764255,0.0277091238689413
"40",0.891449691997237,0.00400621745564353,0.0911065901427079
"41",0.0121548341471729,0.0325328538707016,0.184857140289883
"42",0.0032059034691668,0.0174520187910384,0.0216289006248217
"43",0.242420842469641,0.0100668630244852,0.0486412544995984
"44",0.00401391542634219,0.0263645847052355,0.0497941299800303
"45",0.0337698139533938,0.0203907441381894,0.0408580775518309
"46",0.010381082672843,0.0333960771075618,0.735953835924103
"47",0.0654082020589961,0.0193281618808967,0.166020902663919
"48",0.094472676649382,0.00161866348616307,0.126811266843797
"49",0.0114130980113048,0.000889348652818664,0.0170415430795437
"50",0.00775435926116518,0.00426696604293781,0.00612947533604392
"51",0.0069761261493847,0.0066210515189541,0.853981320587933
"52",0.00629805030247958,0.0416670161290582,0.0532615924772407
"53",0.0756007456390685,0.0642403441552222,0.0525127488122287
"54",0.0592969146275233,0.0169836632839049,0.378818787017914
"55",0.0108902633020957,0.0216805198107157,0.0737387575564518
"56",0.0825779156867455,0.0146449618261796,0.00960570214523236
"57",0.0414128149401123,0.0297158875949526,0.345997384559164
"58",0.0264682514567042,0.00595806976087549,0.684473600134184
"59",0.0198893433629217,0.00990043914323537,0.121847487141366
"60",0.0174500493788749,0.00576495057235801,0.00467941875333639
"61",0.210269778472569,0.00256071276487324,0.0275395284605642
"62",0.025562604068599,0.138649643999663,0.00983519593655183
"63",0.0109125237155276,0.0189703049011916,0.192407924341674
"64",0.0864883330213515,0.0355277611487812,0.65540118762971
"65",0.0427529366264318,0.0122628378883965,0.116500842971732
"66",0.0280342413824288,0.0432604543201983,0.0756413987854272
"67",0.0230969331600699,0.0216255393362587,0.49234547207669
"68",0.0229557731550105,0.0239955382562369,0.146008825005158
"69",0.0321982658810095,0.00832657281279735,0.207020961609515
"70",0.0167401405362299,0.013393326002634,0.148302536442871
"71",0.0217703756316597,0.0042019071674772,0.730258121947792
"72",0.0105963065337526,0.010410948588871,0.0259593089483335
"73",0.321607267841428,0.00767589723960906,0.0677293391619871
"74",0.0201585491860952,0.010121885256382,0.033623225010507
"75",0.00549708656627143,0.0128694582038373,0.0135388029194515
"76",0.00410220220984762,0.0229389281403966,0.334990514554705
"77",0.0112586180487629,0.0122400059492047,0.262941115299722
"78",0.0143193939109044,0.0137428800982231,0.0166163038661252
"79",0.0126750405770181,0.0370196230776811,0.761549152761668
"80",0.190523490920707,0.00829508864382897,0.722239302395032
"81",0.231605499189633,0.0136631197056932,0.0148988252625833
"82",0.0952031070699383,0.00299111470141975,0.198665804527447
"83",0.0722987543134581,0.00584729948733793,0.157997717417294
"84",0.0491412802768542,0.02230000069112,0.105551520098721
"85",0.0191173540240969,0.334820674798968,0.544619546406457
"86",0.031887462268813,0.0154210954803876,0.381049018962794
"87",0.00704338158739693,0.0197971028983552,0.0265889998961118
"88",0.0803691901173073,0.0153623554540446,0.0258882307356534
"89",0.00509732827406491,0.342811065887424,1.17053573704881
"90",0.0470531818436769,0.00795854551192624,0.032952802640806
"91",0.0376411017126864,0.083083293796878,0.0237119049438956
"92",0.0112322751095729,0.147859943693783,0.0284758037441395
"93",0.0108393537894109,0.022810364305705,0.0503491141076669
"94",0.0357812685019794,0.00929476413200895,0.0296436834067572
"95",0.0125339442428387,0.00398274388068126,1.13615567954771
"96",0.00756549791571253,0.00602255999351943,0.00786155654077239
"97",0.0102737362114046,0.0102693423721963,0.0222983700925319
"98",0.122759845283965,0.00803215627098534,1.09771760441069
"99",0.0375104903178772,0.125635051512146,0.0875986321627779
"100",0.0230210253103043,0.0253953752398572,0.121290566019773
"101",0.00901509270384052,0.0157003440218911,0.0761300449446355
"102",0.0230352857521119,0.0190627233279408,0.139533389752772
"103",0.00992592822851514,0.143833971387118,0.0470414032346012
"104",0.0250030115695396,0.0368889741004452,0.976992798302258
"105",0.012328603435689,0.00440856290623814,0.134628072616143
"106",0.0289286525189413,0.0220162513751997,0.0718776464554155
"107",0.00165302185023964,0.0154682242532645,0.0368289860984254
"108",0.0287697354766367,0.00436208295607924,0.662254031781912
"109",0.0123177680949898,0.00289368837702288,0.0307610553257437
"110",0.0617389492861688,0.00904247562383072,0.0406523380688126
"111",0.00384864804551007,0.0126266051177641,0.728595646407868
"112",0.209914366478735,0.00775847712421986,1.23220997272196
"113",0.017772502331262,0.0143661346610763,0.0378353859593636
"114",0.0142563334692219,0.0139209491542702,0.0253360489098238
"115",0.0420780176537586,0.00205657609245803,0.0288541742616493
"116",0.0031876335348195,0.0390657673849094,0.0132601348058003
"117",0.00720515316375426,0.0379167345954963,0.0508665521097228
"118",0.0227714752953084,0.0447258788198489,0.012768117964992
"119",0.0379785824360396,0.0475126261215422,0.0224116641799599
"120",0.00372357072039468,0.164680553675406,0.722677766812371
"121",0.0376403468144498,0.0138596684120957,0.0223370340259843
"122",0.0108988768511116,0.0213661442511916,0.00530740539678554
"123",0.0566330320371526,0.0387250976781046,0.011020526376654
"124",0.0167256935695779,0.0171148956780408,0.157474483816654
"125",0.0213453267647512,0.0219525367040463,0.0239622111037955
"126",0.0212522393853104,0.250996947978866,0.0283346726157963
"127",0.0241617436179553,0.0827136633023887,0.0893938630236143
"128",0.0224613458856748,0.0274882589464171,0.00975691107912213
"129",0.0174979497447005,0.0196059998889448,0.424793732568037
"130",0.00660142394786091,0.0645298416309946,0.0467374066126225
"131",0.114597833983839,0.0182726113088241,0.0826371676425397
"132",0.475147132511378,0.0343602085649965,1.02097115210634
"133",0.0578582914968809,0.00438147785065845,0.239895482706338
"134",0.0123508433810848,0.0257592618984271,0.6676272793739
"135",0.0512293242204262,0.00489288595620298,0.0521604107180671
"136",0.0438802497091279,0.0567021320179873,0.0169221958533422
"137",0.0183802063938806,0.0286725460648076,0.0165573057662364
"138",0.0147821253515525,0.0332867212032388,0.0262941832962017
"139",0.0126394786026285,0.00776577454651204,0.0444742466115175
"140",0.0057985542063385,0.00556210169331662,0.176279642856913
"141",0.0912018038968148,0.0147228234832193,0.213556191863836
"142",0.00328597211586611,0.0891850651083167,0.280722105010684
"143",0.0175573589647437,0.059623685071118,0.0019558368931068
"144",0.0237541139645703,0.0601325193203865,0.00681171962247863
"145",0.0177330716808117,0.00407599073132134,0.0428752810798849
"146",0.0415881665272245,0.0493248198874863,0.521600009838811
"147",0.0186872572826503,0.186772202088388,0.089097912212531
"148",0.0190493260278109,0.0413821764879587,0.0143778695532936
"149",0.0476165977802043,0.0854069567831887,0.00882969281287422
"150",0.030990586886398,0.288363950565801,0.645538617515786
"151",0.0108636224458935,0.317361798877231,0.35405600208575
"152",0.222077681382648,0.0378551848298238,0.0876624042678939
"153",0.0690948573016792,0.0052593898003253,0.453839910134147
"154",0.0638045172552521,0.025147007392627,0.0218649352564445
"155",0.0490551980455535,0.00187270565105429,0.0259610369100998
"156",0.0198636573433748,0.00449715366464717,0.0715687803972943
"157",0.0125014980772578,0.0969824416568491,0.03617365836098
"158",0.00748144625076391,0.0266146010147194,0.114936913391324
"159",0.00468683586281052,0.0636145441411051,0.0121662632640104
"160",0.0150864033950798,0.0804240420907879,0.0490596960701808
"161",0.0233575191608704,0.0529315048130385,0.0108879644211876
"162",0.0103915252834027,0.0142600702714225,0.751597375030871
"163",0.0548847160064406,0.0150443541021931,0.354590637243302
"164",0.0210792936308136,0.0602462205960772,0.246499628359687
"165",0.0394607101475223,0.00475191084409393,0.0292201282979686
"166",0.00905441844831283,0.00216022556420145,0.0260008126900683
"167",0.0601641232965745,0.00497215793407524,0.0159011122308232
"168",0.0468960006007918,0.00156519967175964,0.0981492932188151
"169",0.0236501287426816,0.0157782831825039,0.0481188581351365
"170",0.00404250511243798,0.0136832168367034,0.468823864250347
"171",0.0202083816972111,0.0214239350581311,0.541476806437539
"172",0.0042875867469771,0.0271318127532727,0.0160576021740364
"173",0.0248907232143413,0.0439774157330753,0.00833669985323548
"174",0.0562708606174908,0.0364780096083558,0.0153286409737767
"175",0.0203097164192826,0.00366609644011153,0.0777301842466521
"176",0.0513867422977165,0.0212611048448206,0.605710966090294
"177",0.0260519131193381,0.178730798084539,0.0161325926180962
"178",0.0546596527891614,0.00465068820486532,0.556678674830039
"179",0.0174468696766297,0.112069589077056,0.634524734284416
"180",0.00828235658738429,0.195036842318611,0.271846152344032
"181",0.014206842808657,0.00462909884596903,0.0431670156409685
"182",0.0152455926872278,0.00141678641183386,0.217054339035151
"183",0.0155378733872563,0.0255696647962428,0.00960173314158009
"184",0.010971264722661,0.0119409816272986,0.265881821425063
"185",0.0138574782650471,0.0180679180803604,0.00317227681671823
"186",0.00655072915994865,0.0106873307412076,0.144559371454934
"187",0.0423229417067091,0.0204381346543046,0.0106977486245177
"188",0.0080144896778956,0.0165194478648531,0.684757607894632
"189",0.0903404642774194,0.0039464011459032,0.572652298804284
"190",0.0108717425580779,0.0104555462625508,0.0661151736263651
"191",0.0204020056639213,0.00897141158762873,0.0367699630030186
"192",0.0100878286951898,0.00492840772467174,0.0213892343549139
"193",0.00466696464373694,0.0472017829947852,0.00140592808482664
"194",0.0177633108024764,0.00780258155209895,0.471085329352368
"195",0.00418990115611873,0.0831805444266192,0.03418265130172
"196",0.0130403231946337,0.17905279018433,0.0458257543746804
"197",0.00566431193797876,0.00884298775994275,0.00773126553449529
"198",0.00619206540540419,0.0300494469441799,0.051713652664214
"199",0.0142477667068128,0.0478202785910745,0.0717711432028274
"200",0.00464474663709177,0.0150445358727023,0.00570504970524674
"201",0.186104755665996,0.00585515316923647,0.170377495605186
"202",0.00286876382359619,0.0449417550926778,0.016299027747392
"203",0.00324763052086181,0.0169743594518752,0.0306855554166996
"204",0.0286827240192619,0.0542800621060415,0.0543887913821225
"205",0.0170092469441199,0.0821002009733025,0.00815056698258063
"206",0.0172984878808008,0.0135137032069452,0.0280435817289555
"207",0.0159902096764771,0.00547138826778309,0.0147505826084529
"208",0.204383240589087,0.00122298826895191,0.0162644693767304
"209",0.0458073006422181,0.216090864759102,0.0171299520894642
"210",0.0231505775396584,0.00115243549129292,0.675969998608279
"211",0.011363763428639,0.0305562849418438,0.0463150585281117
"212",0.0119564906661693,0.0241027755001333,0.0270854281110532
"213",0.0431210914279067,0.0130644897135631,0.0837124813224756
"214",0.0189639206686372,0.188977246516999,0.109306982044457
"215",0.0130108070420429,0.00170270478827051,0.13144120194358
"216",0.0387453498638005,0.106799443145399,0.0407902634195308
"217",0.0285852153756431,0.00979178571480578,0.166928926927336
"218",0.0348177169899239,0.0124670193291829,0.00415938250636118
"219",0.00487942510455669,0.108881834081083,0.109684434452032
"220",0.0716541094125045,0.0365419759107512,0.0266987471461509
"221",0.0114723995682801,0.0220970215914507,0.0321968315707714
"222",0.0780684882982167,0.182808467822637,0.623651022229656
"223",0.0183733689508518,0.0163914226301725,0.149459303371823
"224",0.0200624708451719,0.0106916836927958,0.0399538043382602
"225",0.00448197456058922,0.188388199088072,0.0885450389934253
"226",0.0127965448552453,0.108276290890298,0.0918664856964392
"227",0.0948227345916389,0.0337486264699152,0.154411343896805
"228",0.0104636755273379,0.0327598163551878,0.00824138492420761
"229",0.00701698910006468,0.0558883370211549,0.823952125743618
"230",0.0144068367244776,0.0127340277696417,0.0242511470071026
"231",0.016833242223735,0.0211364472270213,0.0144601085033959
"232",0.0102193844058175,0.0253894514647141,0.0394620066445456
"233",0.0339031140247569,0.0881130639039686,0.00330348162937996
"234",0.0813719052734378,0.0340718591260897,0.0212179665426458
"235",0.00808513838953848,0.0307441885105298,0.159683582293666
"236",0.0127767235288565,0.0729508596606985,0.459714016847126
"237",0.0160563754120843,0.0285658864259774,0.0262327592619689
"238",0.0254075782506365,0.0235357749094886,0.066744341267161
"239",0.120498481445805,0.0919642054066937,0.0130849723670604
"240",0.0123131836173597,0.240716833343073,0.558998749532474
"241",0.356053000357873,0.0422757142778416,0.0371534610304528
"242",0.08700457679541,0.0222598918578794,0.180498309053238
"243",0.0342722507252606,0.00304811092782435,0.227657293100506
"244",0.0339412600178026,0.0132697194126049,0.164105210416952
"245",0.0068339868850301,0.00267467302343903,0.502763081174023
"246",0.0340633431040793,0.0146772021120897,0.0348743193401465
"247",0.00759762493111328,0.0215924159050519,0.00747904637140277
"248",0.0440642071677706,0.0246639750043767,1.0714676332127
"249",0.0212036300554462,0.0151842308246605,0.119413451850588
"250",0.013246915638658,0.115137794597758,0.216553399833692
"251",0.0124350345164314,0.00411590066520989,0.768511605282223
"252",0.00596744142149482,0.0451723845334633,0.075904828569105
"253",0.0280881045565393,0.0755666006647715,0.0168462296082929
"254",0.022276156511169,0.00445943919158273,0.0410337151889126
"255",0.0255042561951504,0.0273751630643721,0.254169208999596
"256",0.0421070231525693,0.026046548721419,0.0406673650032759
"257",0.126991821156882,0.0402453538010795,0.0530620775136057
"258",0.0521719165888684,0.0790305348634375,0.241732991227768
"259",0.0395566082683877,0.0036688528483273,0.0481766200658259
"260",0.0605142690490329,0.00165444384016331,0.797852136531538
"261",0.0555995516044694,0.0051801319337656,1.01369762393083
"262",0.0354785696127429,0.0250737279205396,0.04655316607785
"263",0.0175572284142056,0.0189876542140451,0.0149162351221685
"264",0.0153384638604733,0.0187304465995515,0.079855081406494
"265",0.0929255223114319,0.0191549784977889,0.0602271130302885
"266",0.00358140109364703,0.0134981401962512,0.0291477742597225
"267",0.131179178526377,0.0110958794640658,0.0636489182737359
"268",0.010062038526711,0.199170761449182,0.162376958560464
"269",0.0416589398628066,0.0127321792288494,0.0106140236901711
"270",0.0400154745884842,0.019131733719653,0.0374667061432634
"271",0.0566479272082232,0.0769269580685907,0.4330888655221
"272",0.0215543892982222,0.160349595571908,0.0268242137430208
"273",0.00515827171967826,0.180631026029522,0.686202050771673
"274",0.0148088290355856,0.0130119229652237,0.0133257401709278
"275",0.00885399357559081,0.0145537962794818,0.0988129670153714
"276",0.00678975512254089,0.0341902826707613,0.00616855408321446
"277",0.011014190991234,0.0263575991685862,0.0125132220548396
"278",0.0156515876424944,0.0111907586710073,0.0159523719962793
"279",0.0393601519562185,0.00426174052116547,1.16352260059222
"280",0.037908376985073,0.0063503823209447,0.00732632558376734
"281",0.005805493678088,0.0304285118635905,0.044894857878429
"282",0.0518699860505695,0.00438119148233069,0.0147097130015337
"283",0.00739680945103668,0.041944643748943,0.0282860777075831
"284",0.0354602588921536,0.00899102841629935,0.13355204246256
"285",0.0155719780528405,0.00604727479814229,0.154296337700287
"286",0.0496222570869969,0.0189154725886611,0.0751929849500016
"287",0.035344452759997,0.0253805298071696,0.573490490638583
"288",0.0377058690289509,0.0101607448751776,0.0749355299421326
"289",0.0164475055986458,0.00707931249359947,0.0518359334993878
"290",0.0295610746666381,0.0661102082665465,0.0529555531858488
"291",0.0160611858395913,0.0112685148577267,0.16975041241883
"292",0.0214961531049749,0.0231762244612681,0.0934582498226505
"293",0.0112915103609195,0.00129695616668986,0.684365431507965
"294",0.483173130554059,0.0144991423654023,0.0825195887461737
"295",0.0253566972956714,0.0322951522397315,0.00133613313514472
"296",0.00865283824759539,0.00627502352246261,0.0630808585657547
"297",0.33603138710612,0.0171493417366718,0.95190287286187
"298",0.0249975483690534,0.00947778543626567,0.931391988083495
"299",0.0474112656134841,0.00600752332392406,0.0804081996987176
"300",0.0241640068380512,0.206128289402311,0.950744157241192
"301",0.0858704408739307,0.00465227046410704,0.0234210878795752
"302",0.0587477626236486,0.0542717229467282,0.459775603865357
"303",0.0157357398094053,0.000710678448106588,0.220757969885615
"304",0.0223399624821306,0.015010518669933,0.172600754613101
"305",0.020915348155938,0.00647490700467585,0.0848281506421999
"306",0.0478537318590184,0.00581154458628143,0.0139204897637932
"307",0.0154239526266187,0.00509791720253574,0.0181961287002641
"308",0.0236536500292943,0.0166765815857897,0.0484215437639413
"309",0.314856148576587,0.00415920242677698,1.08659637117206
"310",0.0357914045159964,0.00872855717744447,0.19174947984152
"311",0.152025658659132,0.0135224490977902,0.476734508484545
"312",0.255800257543389,0.0166424927781425,0.0475596750508548
"313",0.0130540307706387,0.0821021223024025,0.0224891635289438
"314",0.0507729906412649,0.0275173707393866,0.0988807037951275
"315",0.0217600304374631,0.0114459607685461,0.00528022301037174
"316",0.0480170705024291,0.0122908096567915,0.0374309657456296
"317",0.017097036071062,0.029252347299354,0.0254536620563019
"318",0.0180022133274467,0.897654627141662,0.0486839002489455
"319",0.0156894206827322,0.0141082247381494,0.223360479138591
"320",0.0550123589428215,0.0149774889762469,0.0076993265413873
"321",0.0118494569959342,0.0150757233718103,0.835321451112161
"322",0.00556870160775817,0.00624400407700893,0.0407429552516265
"323",0.00906912383188717,0.00480672945501461,0.0375851298259784
"324",0.0128585367065061,0.00368149877357034,1.06852530753695
"325",0.031059488177773,0.210370037235226,0.022198896661483
"326",0.0201390395689534,0.198720209301948,0.522827281166262
"327",0.0740705775860064,0.0219164820343955,1.036330032275
"328",0.0201052755514335,0.00559764244423145,0.0378087877624396
"329",0.106777045311166,0.00751285647668452,0.443944909531042
"330",0.0182373325653622,0.471742512374317,0.0886607743844599
"331",0.00626713768540771,0.261385145375962,0.0872192483023536
"332",0.00795772683163837,0.0812966673833961,0.200198025021791
"333",0.0471447053821692,0.0294959018897087,0.419180858353056
"334",0.0260577958989126,0.0171757078899484,0.048068733077058
"335",0.241338749372616,0.0113383992055245,0.0127286495584839
"336",0.0114049245052165,0.00379745041231821,0.0401685401968913
"337",0.0235634653086111,0.017780907098856,0.691459187879059
"338",0.0147562355397963,0.0105904440267798,0.00534630021527684
"339",0.013841415843246,0.0182858938780337,0.725246696218821
"340",0.00927315968924716,0.0197290855484131,0.0972929072603775
"341",0.404797477962632,0.00712578548938113,0.0110389409166938
"342",0.0202723832603159,0.0433527409488014,0.0100647557680537
"343",0.00952218054250031,0.00613475662791553,0.0101407977480068
"344",0.460094274353085,0.443316825957172,0.240704330775104
"345",0.0106647893425387,0.00991038697182846,0.236438072770602
"346",0.217060591291608,0.00939794830373199,0.0868152155724974
"347",0.00721371280542426,0.433162026602771,0.267220835451877
"348",0.00884262083738117,0.108681160016293,0.0284418677616813
"349",0.00762281826815812,0.0327277891978374,0.0189841966169141
"350",0.0138120786307187,0.0067788700952271,0.86139213462451
"351",0.00747060420776188,0.0144815379595525,0.503576805449226
"352",0.0253228647519725,0.0187672666299699,0.00783532031735859
"353",0.0583832418232437,0.00690208597501693,0.0147022085435535
"354",0.00841504997293608,0.258549204274434,0.0604360612046234
"355",0.0295569077291158,0.0196275553574264,0.893905801444833
"356",0.484435921595717,0.0167549181657318,1.2426969899934
"357",0.443704234837111,0.0142708505105545,0.029591020440332
"358",0.00651230176381961,0.00835618664866286,1.09340001728053
"359",0.0269711594818977,0.0139170625696184,0.0247571760737881
"360",0.035994922542995,0.0434961065974923,0.0309392256830753
"361",0.00830339301815691,0.0362944384282507,0.00839830353567863
"362",0.0151092101974213,0.00838492836787513,0.0209977314083694
"363",0.0494936546911732,0.0322629834172359,0.025587701004184
"364",0.00736663640684265,0.321339571747605,0.0824163506525037
"365",0.0177277004736847,0.0030899765890853,1.03105910255412
"366",0.128997714025525,0.0372837641089809,0.0438841087638856
