"","JEC","JSC","TCG"
"1",170479.747194104,39673.8522703482,63537.4149660606
"2",2389.80047016409,24402.8664865754,44770.0384710555
"3",2048.38089456465,2279.37849349732,21689.7824549555
"4",27725.5707830953,1057.99763292985,54711.6785844071
"5",37929.3370060551,25617.8313726758,101959.5909483
"6",1719.50242467283,1744.65607387184,2771.23353715113
"7",5472.10417845008,3384.21161843649,306.789626906811
"8",183.439055637647,19021.2774065448,13264.2881187015
"9",181.369626957232,14672.4308116393,26785.8499470494
"10",48.2078590873306,1302.50561742213,6999.61062518913
"11",2966.69214963638,11577.772006674,3543.39711591223
"12",24681.6599622859,2488.54523828995,2998.23473481229
"13",3130.87708744676,32425.4105367494,2970.09898854096
"14",5328.72435668183,2852.77264456197,38211.135251126
"15",2679.22112678065,3354.60731066118,9478.94192995426
"16",3956.05997939206,28140.3158281435,2323.84400078842
"17",151824.006160713,24935.666274733,17774.9702195525
"18",7874.12774522994,51124.4983086294,219208.54235596
"19",69661.0561681538,2206.57734610634,74946.3473636266
"20",56965.1132018235,51715.3020493353,39655.010424003
"21",14370.6944269649,11188.5493439936,40744.0284402552
"22",29272.2791089606,12459.1239826554,88411.1421061345
"23",44372.0091625884,6158.39393375726,15687.140585087
"24",5762.86917980279,10384.0920886915,39519.8541905213
"25",24530.4339330577,9686.42412921957,33680.2080223559
"26",1625.72293258951,64249.0994540793,17329.8717046973
"27",865.024900770822,96196.6761031173,6784.15900519545
"28",33288.1204982524,10833.6965006744,35593.0915493324
"29",4761.4529291893,11981.5677101918,70972.1452682372
"30",14521.0983416485,3978.59104674058,4532.73918219161
"31",7088.54202175875,5095.45704679824,11168.3655729502
"32",2684.86699800561,10311.2003727727,2427.54547321403
"33",920.810013564161,2965.21070935213,2171.12590367692
"34",17360.9863510406,7159.74681831151,1982.07468457664
"35",34245.5346676945,24954.0802018691,694.072058858162
"36",18596.3938008734,8387.30739279791,1764.5634627423
"37",18167.2313389404,26224.1989933268,34035.6784069005
"38",176.430124495005,304.899749443341,2226.60882710572
"39",5492.12902013341,3724.47805668659,8575.23224026175
"40",743.097679507325,7037.83618375012,9495.16129962409
"41",23755.6292639553,2853.36924957895,6660.45015720396
"42",9821.33922123347,16281.2489617393,922.159440737333
"43",205.535631634374,2935.47752847906,524.632582111072
"44",2309.16502072937,79.1644920404099,3056.86910780621
"45",1142.91357196482,2956.68769002056,817.712364926855
"46",581.135230667702,850.086626352735,6128.34211305534
"47",10288.9680871074,2175.76738603142,11738.2989341963
"48",2084.14027993955,8194.32856637058,5723.18585389575
"49",7808.75662889135,4217.78435648452,14812.8413954236
"50",722.257611073898,7210.31387281613,3244.36060590124
"51",5231.89657308379,4563.30149436999,5647.7016901527
"52",18669.2620817021,26363.3719494065,13198.1980394948
"53",9778.3018421298,7824.03453816735,14769.3997452993
"54",2010.29572892176,26582.2300955064,5733.41047192999
"55",82251.1270348697,30094.8404895119,33765.3950308712
"56",9109.50748930725,18146.6629502511,10713.1022037064
"57",110273.633162171,4602.15340653822,1110.21456009287
"58",16480.1515405331,330.369647092396,7842.84220537258
"59",22656.3427199186,12692.4292113699,6193.36286543904
"60",19898.600846544,52484.68492051,12216.8640594932
"61",31352.0148205256,1911.8748654616,1177.38589141787
"62",34429.3078626579,13623.4902546751,1986.86668957843
"63",7673.38731561529,215452.16159713,13245.8402554593
"64",2506.42562121571,34970.4354773005,9330.13906253626
"65",23521.3533103575,48660.8386259334,25255.646228183
"66",56093.6256805176,11411.756979748,5687.25746784603
"67",16709.6408970598,19222.1548067389,25595.9228148328
"68",421087.477121088,17143.1075554275,14079.619430772
"69",4223.21648006438,40195.3727614821,39985.81115127
"70",21589.2026636373,1920.89226942892,10908.6464595831
"71",20640.6803604196,5041.64212887898,166.764346212195
"72",2526.77094601545,4539.72220660006,39700.5549667516
"73",1378.57063026683,4729.44341207607,21274.1370143812
"74",7424.73788015371,147.512955766207,38987.4875164828
"75",5656.41880563446,2356.31477909467,73740.503533873
"76",676.609998515783,694.844796888574,16353.2827744611
"77",11831.7652434229,1243.39354961054,14491.0958659507
"78",36.183508144388,2822.01331604359,177.882687695009
"79",3330.76645088708,980.094034898888,10475.6569503888
"80",12585.5935428656,496.738021242645,22513.0760151202
"81",5946.26428952397,1998.5266251494,23338.2606612653
"82",85900.4567132906,2732.00120401595,1206.94563972441
"83",1320.26926826086,1557.11251286564,2097.45688221454
"84",366.62421744804,2849.23752045935,18579.4925218565
"85",251.980149021472,419.480502783462,9013.04240002123
"86",5858.18564900481,7033.52371823777,565.939012609073
"87",81021.2436079448,12913.6069134394,17114.1347774618
"88",14559.0042061777,9419.6200962142,20972.1372461485
"89",8459.55768504815,1082.00116816844,38228.7600008516
"90",8104.14293170861,23303.8522143565,5784.52605939207
"91",6368.77762714695,4723.22501140742,197443.84832132
"92",20350.0203474107,4256.7526801575,10763.3569902481
"93",11716.620543612,3254.54958982866,19990.4225713547
"94",26806.6529937995,5322.86699144102,11135.8804135543
"95",2559.96378983994,818.202328324908,535.368869777501
"96",755.552685817041,5617.78953619808,105.998695382965
"97",4092.02518132985,607.153227287689,92.3806658528001
"98",38756.7127922014,1045.10073008224,3860.108292671
"99",24795.5371015107,222.662583093681,6076.70433179193
"100",4512.60275219842,8758.70970292369,2435.48880176054
"101",22480.0803099735,4336.57136281231,10886.998513957
"102",4708.04965863493,20169.9141922644,492.995827832865
"103",4724.31514567549,760.149542487509,13925.8941368127
"104",8052.88116498969,4433.01288356812,5652.14878690787
"105",8577.85241335193,4037.61735362583,2088.7994754751
"106",61546.2592937732,10885.895267055,2667.97729587407
"107",187171.000681389,3954.54574701206,22360.4202594401
"108",1303.80643340698,51570.8553519116,8334.16468602964
"109",1714.42132278092,330.541841876234,7750.12027472106
"110",8757.20837493605,377.927438123535,8690.27856404878
"111",13775.6690039568,4828.22101734205,9223.21381481488
"112",9891.47101887802,13735.509782708,23620.6322079736
"113",1940.12164022096,213.358936721003,22527.2369835357
"114",6626.43849804033,2137.52816467302,17813.1186588986
"115",6825.39711697488,3302.34231129975,648.541104309995
"116",6766.79628960692,20013.9767409812,26923.4978224871
"117",7884.83305353958,4215.53327228549,133.432794523338
"118",30014.4593621539,39696.8330468876,726.603969095062
"119",48336.8381370062,55360.0520704324,216.715879648047
"120",3846.53098403721,4514.51775876175,1134.29620594831
"121",20574.1821546745,4145.5442694963,5955.94421141436
"122",8181.64518899142,6193.91133807654,5023.51915970877
"123",36370.9710587514,2630.86746409605,3250.75927478231
"124",14523.100729943,30.7614884472498,12273.9681256983
"125",6947.93049065749,1095.68431152618,1477.89008258832
"126",4005.56141905983,1307.32106799964,2349.51115309505
"127",29292.7033941266,769.85746845094,1091.36910356597
"128",17396.0444514428,1527.71340721861,133.827202241827
"129",29835.2965198825,3502.40359961788,3.73612089488617
"130",8632.28708093141,8014.25440205925,6298.35046372988
"131",21453.943253786,703.098345647817,3727.46950100645
"132",4723.96886667924,169.105535723593,11014.0133332215
"133",21656.4869020895,11174.9872577779,22586.3779985335
"134",14108.4833847709,46561.9413570032,24832.7078021334
"135",1564.79860993983,8093.67158588748,10586.7419577671
"136",1851.3122490433,2470.837361853,322.257675431238
"137",21231.3891902895,1680.10185149522,123.028719704951
"138",20867.2114435193,2743.01286262357,1393.40662167245
"139",19362.5347196385,4637.9750740638,1070.14880130841
"140",10960.9283894889,550.44982122588,4907.71471982221
"141",49215.6409327116,672.740949661313,2041.98411324936
"142",5120.53698098001,112.91922084301,21116.0751699935
"143",3006.56414810815,279.224251598851,11924.0202364936
"144",15934.9872703937,272.534342661294,1134.90750844033
"145",1857.64443221314,786.519047763437,1995.15831743385
"146",81461.6890161889,2298.02958096021,12374.8116019285
"147",42735.8361270627,441.187311126241,11128.9515965474
"148",49855.1715249414,190.96229126989,1168.7375498657
"149",14937.0268788401,1303.79407605328,832.211196389353
"150",33225.1383452695,1862.39040476967,1825.81943808325
"151",33930.3170096254,9109.7682201822,4433.31357823973
"152",33406.0305979108,9797.24776030533,9374.67870317672
"153",4982.09380792887,15292.7413249558,5347.83227866092
"154",3738.29656358124,1301.52008621727,2931.19347361705
"155",6336.8729791663,147.028375068191,634.236340652496
"156",939.808479004748,1465.76741663558,8125.33568730174
"157",5074.71132574288,1593.83766916717,1333.24266758851
"158",3023.84521941993,2026.62346451405,1390.04716980831
"159",5229.92381859409,1034.87076330705,7360.01588837936
"160",4991.48443147463,14.505290703035,2374.83582814052
"161",24290.6746484972,20546.6279887198,19542.5813740404
"162",6282.36907275173,1156.05029065815,2883.78879852138
"163",46837.519707741,211.771342640775,7051.44343148325
"164",7642.52008538075,2116.13329132399,296.308691959592
"165",17731.6734073855,7997.70850373834,747.348057638267
"166",16578.3825373126,4331.27959993145,1986.97070046269
"167",1561.60392913956,4909.21129159858,6274.16901857737
"168",3852.42228299377,2074.77530873429,4984.18137336485
"169",7283.36265729421,1330.51287578447,4202.10103195023
"170",16610.0706816575,1288.17644487487,343.240658802321
"171",16920.8942828069,692.393055486054,2287.18800714833
"172",12639.315344882,433.095493848529,3395.63814601658
"173",66919.6277340637,124.837377096365,3258.69114630707
"174",2115.09464085184,1006.64800768787,158.95264834058
"175",9090.17338723145,10037.7069878936,2.23423290385835
"176",13079.3171940929,2024.72854118452,75.9357861173844
"177",5099.36944449731,2270.91028178524,1966.479278118
"178",41309.1733551371,6.29399272136388,48.0372222337877
"179",18864.7130063888,551.261739049948,4228.49665296503
"180",16393.4295753027,5905.99918305402,9661.11041507384
"181",10429.1870082221,303.344528859249,11476.6488267791
"182",10429.7127781419,286.008600875822,740.68317786197
"183",4634.56486386478,403.812383880145,629.823268747919
"184",2487.81946361405,627.25408708416,1875.91016932066
"185",2969.80851131745,9.71488402516459,2654.01115698852
"186",4101.38728726593,1977.65523581602,6420.19240148247
"187",6189.54644705996,1107.39871055422,8697.17241687271
"188",2462.92479030163,11631.4137619032,7650.75863732601
"189",5469.80193284575,1159.29998698516,10887.0202102256
"190",6034.81768724797,277.874749904256,15189.6481322139
"191",122.330156068387,279.53763674513,1183.28372824853
"192",702.205370337164,586.340575463726,2275.45498419779
"193",8727.57488035698,3882.47175316732,15681.0662860404
"194",3949.6260575844,4122.91661178316,2947.69186278128
"195",158.230705095155,2182.08758702902,1166.67895987272
"196",5374.65032844849,3633.04273909132,3155.27950445297
"197",7986.47388281179,2455.59993944231,495.080007791834
"198",13634.3179727859,697.009138861938,6296.50581422549
"199",2444.05994119033,431.342269445821,4662.14840939511
"200",2060.00082042253,930.602054050559,291.169490172651
"201",5058.66977930551,352.315863824824,4357.00224385261
"202",2894.85791552815,1192.0933050061,130.174995382754
"203",3741.05716148001,2399.61293451942,538.217204280089
"204",6418.79920969856,5757.88227707226,1833.5595377955
"205",8763.7770140883,583.474682124696,901.856968669219
"206",3360.91851926646,1083.02064315896,10833.4936745785
"207",8864.86761323695,2951.78098669853,3730.5486166762
"208",10555.5321403089,607.587752600218,1196.42590816539
"209",14807.6443395638,43.9157995234351,860.475903014055
"210",10534.9154831186,926.608723516503,1436.58952379523
"211",8259.55095167007,3874.64693558171,932.872616572259
"212",44997.1041121041,649.32147025771,504.471768683074
"213",513.730011130849,4801.76024393921,2196.245762236
"214",1560.93432898079,1912.17502230313,224.152238716126
"215",19879.4353219041,103.37733698166,441.181967251006
"216",2626.24027908702,679.926862757641,12654.1255638345
"217",34218.9696910454,1298.11767745524,2605.9976739374
"218",45744.2300537574,3779.05639289103,4239.61723260706
"219",6609.57769266776,1205.58135059863,284.705910800357
"220",294.070966393468,261.826125343991,2077.88786912509
"221",270.929764565328,819.66113277454,1302.50066705716
"222",3383.46489130932,10.0854340255735,10004.897456039
"223",6537.55098868956,685.081661535746,19220.5252913369
"224",3999.42565791811,29482.6700568661,12032.7472669932
"225",5206.55400731239,3290.42314947449,7918.92015190456
"226",6783.08564945927,121.558460345865,34956.5410733625
"227",8474.27482954803,545.571267501767,24925.9046373791
"228",1181.93354170079,28.4526400200499,16217.6886982525
"229",373.999308491037,40.4920613384547,5135.13531473051
"230",5567.98786361186,651.674597792412,6713.47519077484
"231",807.120386521798,4763.34411374652,1431.44295627275
"232",45236.5425600317,5808.18546954979,190.028458976284
"233",8141.17091341106,6739.66309960333,1877.97614063739
"234",677.116926600267,1864.67531656512,1512.52562428774
"235",15.8323331625346,477.037586023404,2128.12695226513
"236",3168.15813089796,163.815662378163,1162.29679369985
"237",16234.813979126,329.685265446412,16312.7959788834
"238",14684.4271947103,191.898638357962,5335.40398135105
"239",1246.63718268432,351.390579904165,948.539634605767
"240",859.088390446901,46.5867212556281,1104.10450879094
"241",1122.12655616247,880.604043713628,6641.24582766384
"242",675.685876989307,113.849342810843,465.569652844686
"243",7579.97464499112,7558.78308046547,602.715457302956
"244",3918.36071762855,1636.20506632225,4016.28103468148
"245",10753.5224881325,624.666161401457,205.953006416398
"246",1874.6532206968,2689.57152783238,788.631949582661
"247",3036.42703054363,3325.1103833102,15199.6936668797
"248",2113.36440867543,258.862955877556,8442.84163171497
"249",2641.18107134398,150.893078419924,10831.3526839086
"250",6774.3305974172,582.121258621304,2557.55349855972
"251",21914.7192755918,154.911542157178,2362.68014093269
"252",61515.4508019104,47961.8960340976,5227.30645091826
"253",18951.9506915233,14552.1029770354,884.321911187361
"254",3751.6940446271,2405.28457288189,3489.15203673821
"255",15493.2188070313,1488.70217175188,29578.193645018
"256",30470.0570181042,499.83565086626,7825.01601874739
"257",605412.839392041,800.587674746829,9961.60640394521
"258",1669.80579628509,981.96700882937,4245.13069745458
"259",4762.49701199841,1689.89493745298,2011.4834494351
"260",1154.76018064466,3002.92604392547,8690.46035912914
"261",996.869939490728,1304.70639346481,2740.34788587583
"262",50267.7892891746,12078.6547105633,2370.95014690571
"263",23504.9276181384,11804.0652756883,7114.20207810178
"264",116531.65108418,3547.32120266513,1093.14851556406
"265",10954.2635722272,1531.2875155638,35.2963853675956
"266",15853.3688974692,65258.2553382534,1134.45551088138
"267",6531.76098922923,4451.43746614863,6069.57453494407
"268",8858.68186398918,4769.48726355695,1386.19752529409
"269",10915.0346854377,417.372762546247,67.6710802962996
"270",4927.33528130403,6638.33793805602,2774.87264125674
"271",336.623427974135,168.926941062694,2199.08559769524
"272",914.010802667522,702.21590445114,3827.2971794511
"273",811.704932846126,34.4534586098051,923.295918643163
"274",521.281237155556,9563.40584230027,16979.7491547935
"275",1543.07368192177,21432.223008984,13301.281434124
"276",24680.7126662243,21374.5510615633,36109.5668892418
"277",104.720010596874,2114.11795149642,39133.0641009326
"278",27618.8697061675,129.145780986353,3022.79657196951
"279",36408.673044197,63.9360377122825,2756.89102257199
"280",13052.9639469868,6778.13327070419,1527.98229113028
"281",10472.7693135818,45634.2684813973,3380.51927481694
"282",2039.89998032048,4146.90796569652,455.680041910998
"283",12832.3242086799,745.479895497825,1081.07886035795
"284",47471.4476334448,1418.78314411875,2048.0136185855
"285",18359.0034530481,8929.92778586541,1499.15537920989
"286",61353.4856920966,2954.05641116767,7892.68027240117
"287",28002.6108268609,10560.7401039402,15029.4262335906
"288",36133.2459490866,10654.1540592344,32516.6400552506
"289",2734.66318227403,53961.2447123334,25122.5544425561
"290",5497.9959589932,422.18219506346,9150.87084464702
"291",43348.9338726522,490.416392951855,627.791450316238
"292",28046.2019993343,9271.98641268134,22997.5666711344
"293",23067.8197899473,5903.04478926024,28341.9891211017
"294",3155.61317822972,10830.0986738156,3405.51246732018
"295",9380.09453889382,1350.80976169927,4484.77868978144
"296",26060.2799035715,336.611681402427,2884.47342675682
"297",2719.61364543036,1175.04526667946,327.750381023767
"298",6800.57928911113,273.33091775873,609.477945951847
"299",124779.468009218,96.4767517488487,1725.18709410927
"300",3461.14959101313,391.781087083209,11928.1223271652
"301",1243.52906641953,20018.2665574837,24653.2679454968
"302",276.316654553826,30561.9425030448,31773.1777775491
"303",610.423984811639,4226.73223786434,30632.4998986047
"304",3351.81250394619,19737.4003958941,6022.61470592257
"305",2291.82966916279,1653.68270788211,9109.41818288412
"306",1016.52075001667,1020.77937685727,6665.48156271326
"307",15785.6379678139,8252.77515243189,5998.17729797822
"308",43990.52616122,13820.356251626,15985.3141937871
"309",1572.32316412806,6082.07794980935,10928.8701885092
"310",7346.86394899536,3996.828643912,30452.4213878381
"311",6909.56970573738,2270.80617640706,58764.9511388369
"312",5303.20292375757,470.338744962807,1349.68777443944
"313",11467.3516011268,5791.73950702497,2412.35756240107
"314",12511.3346737624,202.654686383995,8266.81816401221
"315",30869.0298341822,1684.83157050655,3993.81688698461
"316",132008.999169721,6770.57399226241,16091.9349964419
"317",39565.9743706466,17765.9868508703,42281.8063723227
"318",246.590438811521,36035.0190773739,3554.56143356377
"319",2088.36383559693,198.054807831575,457.367224209476
"320",2281.41426785625,2537.13926602402,3037.28206113216
"321",1033.10534856157,109.736253431745,14115.4163572423
"322",5034.63578149507,175.41559062924,42799.6132041134
"323",5104.76625469243,839.946648450373,49329.078572493
"324",988.274725058984,326.116013131999,47521.5638557621
"325",891.2262383722,93.4300716034188,103643.694608914
"326",2994.20945112833,1500.76222985943,7512.98942500944
"327",21201.7097058215,2191.85256306449,57794.3008726966
"328",121822.566263594,12685.6047271849,38581.6717711578
"329",11131.4406738807,3868.67451714655,11208.2270591773
"330",51888.6204514986,1029.89388793325,8465.68497388173
"331",1630.78550739109,2189.13678642293,3871.90311530781
"332",7998.1329834713,39573.5421838346,11300.1712223175
"333",2650.67587113719,9902.66601840922,5350.74338555773
"334",3082.7173798598,1436.84373634968,72645.177001625
"335",3222.50909412682,1363.63268252398,36735.4595149508
"336",6185.68981995338,1804.93807195285,37061.0436350484
"337",1641.634281848,886.510654521826,17823.149216236
"338",3129.46653910368,1171.76453833185,40300.2170403674
"339",48510.1839315934,3219.28145181873,55060.3215245334
"340",211.730994996975,89643.5849607388,10919.6324661728
"341",19939.7625082965,21690.286231646,5400.09096514744
"342",4939.82911450271,6861.30456081083,7720.03947608305
"343",2388.22443693025,2856.62666916071,809.521856332989
"344",6708.69141898217,13054.8919799565,3548.13816519147
"345",3896.06761170615,10365.107233219,2930.0982510229
"346",5445.56104844164,12650.7743139801,14615.5892905017
"347",2361.16110963888,184.039166457813,1894.03789571461
"348",14351.4820776365,243.056179058109,1394.2370541612
"349",1161.82383356436,604.228395680503,2356.27065484463
"350",8360.93297343911,294.414200983798,7138.04773239527
"351",3921.82293572884,3521.48341879989,28642.9151077865
"352",1112.79210747209,3652.26913524977,21567.4236775557
"353",3489.76095492196,2487.61744383205,22584.5285841105
"354",10192.0022837521,18911.3534186227,43030.4540500204
"355",26247.4339410104,38924.736920265,35213.2784917578
"356",4224.87914666598,59653.0998980168,9491.46028493181
"357",2301.91627568875,7063.78544764712,9161.77180383089
"358",10947.0019266563,820.701963914632,21332.2159254874
"359",9196.16297110236,366.574032744923,2910.13079947984
"360",4555.83535857265,22911.0134893174,7893.87827332946
"361",1713.56214866856,116907.774694774,6537.46113027137
"362",1364.6981641115,5628.61828251575,4826.19328078337
"363",2592.66411844253,4871.47615421596,1666.34193544163
"364",2449.32875473404,3388.86324131486,464.77809748012
"365",166.099969090994,2068.93377276863,2344.43266240446
"366",43526.764201538,2131.3275055453,2637.17728734467
