"","JEC","JSC","TCG"
"1",0.00579488377746221,0.00757591374293306,0.0634625085837295
"2",0.00826656259936967,0.00970035399420585,0.03404657817451
"3",0.00224841576142108,0.0040104942381137,0.0102956564651335
"4",0.0258221104057632,0.0223805128930298,0.0580367631857105
"5",0.0233675232498934,0.0193817866120335,0.687626889545003
"6",0.0433397576820415,0.0113287791635766,0.0018054281055408
"7",0.0316940870401211,0.0123462847601304,0.00862341808097677
"8",0.00416845545139007,0.0134124199724909,0.0191382071297683
"9",0.000924848319683956,0.000870403874580994,0.00777961564294825
"10",0.00277833885780288,0.00415026050199453,0.0265456419946453
"11",0.0107975843781367,0.0147544306650407,0.0100780507007097
"12",0.0159099648959705,0.011801306195577,0.00299322166104772
"13",0.0137317305680584,0.00272620724971029,0.0030765702175785
"14",0.0280267212410592,0.0175968983194026,0.0263023373831759
"15",0.0231209091680707,0.0244968373533733,0.563490907109461
"16",0.00756734229002448,0.0180235278170933,0.000635413127674601
"17",0.0544795104046261,0.0171389049649322,0.12742517710098
"18",0.00464822088409912,0.0129724868798516,0.0399469518310626
"19",0.0612210888010154,0.00341323317969063,0.069836303320708
"20",0.0314854098415932,0.00745385840614748,0.0631812861802538
"21",0.00414729867847564,0.00854541862048042,0.68533261158773
"22",0.0853719010862497,0.0060978617117983,0.018206381306708
"23",0.00782051624716359,0.00981183263376489,0.358712639948486
"24",0.0147694648886819,0.0080046496850753,0.0100520011116119
"25",0.0610359968392811,0.0033432232192676,0.0160548902494356
"26",0.00228467216637555,0.0366747902193957,0.156088191918298
"27",0.00828181339469971,0.0252967976137895,0.0141351400257244
"28",0.0152612918986352,0.0215276035453651,0.0199751232786824
"29",0.00544034770750853,0.00362936058461853,0.0254884665372912
"30",0.128618400347654,0.00214937173472984,0.0279187807433201
"31",0.0288944438156997,0.0105527596230107,0.0110828516279176
"32",8.07889610754703e-05,0.0104390657896473,0.0146587850549867
"33",0.00245237248983844,0.00263906573302348,0.0185675652515972
"34",0.0359807306657344,0.0094676614903824,0.0247672782121741
"35",0.0113242896428864,0.0184602104475957,0.605607465267275
"36",0.000584354045869313,0.00148133260392657,0.519896077190964
"37",0.0191939281806878,0.0210170552181081,0.0137453397221645
"38",0.00366804418038505,0.00717489374592175,0.00553543792105511
"39",0.00464036437651478,0.00583388939332744,0.0266404857774346
"40",0.00680281012939295,0.010231405899402,0.0190171370806152
"41",0.00192922719276049,0.023318091239946,0.0109029055448613
"42",0.004054106588749,0.0143179636620473,0.00995922300756792
"43",0.00566058443313563,0.00810727892030183,0.0116773237265575
"44",0.00910438652627992,0.0113921110595177,0.00779028834620321
"45",0.010017484304534,0.0122071661395173,0.00242338360160398
"46",0.0113243098793754,0.01180435616811,0.0157159511738966
"47",0.00495528897975324,0.0157578620871824,0.0304013393933089
"48",0.0117521363142371,0.00378463654396341,0.00985343551412108
"49",0.00979745334493761,0.00243517966459066,0.0185004776955381
"50",0.00489445805059647,0.00184365077454535,0.0172021417518346
"51",0.0187157565873831,0.000457106285757437,0.017152110039491
"52",0.0072731434075188,0.0227189675877759,0.0212411124721184
"53",0.0250638115563708,0.0036467672187497,0.0247061099994115
"54",0.0694274749966173,0.0121726912686336,0.0291611484414663
"55",0.00254671491978047,0.0297717225376549,0.0295617130370255
"56",0.0468609892729246,0.00856110593470348,0.014841093739331
"57",0.0427989388707185,0.0184118061025704,0.00820326569321446
"58",0.0127831953259474,0.0114857544389009,0.848433018858879
"59",0.0122402263021964,0.00159959366644852,0.00747118037164651
"60",0.0200103441511541,0.0238461766965992,0.0198118142487044
"61",0.0288956042104583,0.0184438257634786,0.0116825138497061
"62",0.0108113981742632,0.00548962019050764,0.0148032502314152
"63",0.00461033769064556,0.0116030227319914,0.0320387028216839
"64",0.0110899030852699,0.013192726850455,0.0119753444009378
"65",0.0152823632754168,0.0208051010078726,0.00875952539602077
"66",0.0253446774624081,0.0121358012441905,0.029556313850409
"67",0.0183170474677862,0.0194009420468585,0.0119555091087942
"68",0.116823829531146,0.0251206526030111,0.0173858754688831
"69",0.0115309870950078,0.010404409550426,0.0135442576132676
"70",0.00567241303118771,0.00723559188683853,0.0119251202944539
"71",0.0229499669207627,0.00783913878105307,0.019426554473158
"72",0.0195329207961506,0.0181100752376256,0.0316968921333141
"73",0.00441650964366861,0.0138185060945213,0.0103743931852625
"74",0.00130190623916838,0.0017058922585259,0.0270750521800863
"75",0.0168411835659533,0.00957463894939707,0.0277981271648764
"76",0.0167089649332007,0.00853872150343697,0.00924378740722823
"77",0.0166387934236972,0.0015332676680016,0.00540329119888704
"78",0.00379952597153312,0.012644978183722,0.0109477122439591
"79",0.0056842843376894,0.00532457239904745,0.763969463229464
"80",0.00919160197204474,0.00598327252647552,0.688507138522839
"81",0.00787603731981621,0.00524434347499037,0.0254099562247624
"82",0.0295728598244534,0.00263706844437926,0.141460419279711
"83",0.00854450497351081,0.00653983003244442,0.00312944129850837
"84",0.00599317485643691,0.00905542265551242,0.0305569394130293
"85",0.000944272996704709,0.00800924832940016,0.622501375809763
"86",0.0186579676348022,0.00978068373868426,0.350965812639217
"87",0.0116277807314361,0.0113843858920366,0.0192402384695855
"88",0.0703101580043902,0.00704676341929048,1.12194505065085
"89",0.00281513385679192,0.00270856281463601,0.0245861427004546
"90",0.010101193723696,0.0227275337107178,0.0304171046596734
"91",0.0111212063012039,0.00366522444829228,0.0157588883505078
"92",0.0285910205984117,0.0111077226943546,0.0444409467241964
"93",0.0186912178194753,0.0179117789141494,0.0200486163518203
"94",0.00967686978771258,0.00774500803887849,0.0232393884191557
"95",0.0116091762188831,0.00483490496513281,0.00419973591777064
"96",0.00340308300321258,0.00681456471105954,0.0143930325326191
"97",0.0122443048144766,0.0074897360950998,0.00630387752796258
"98",0.0124621447029447,0.0221963600734314,0.00302575086650978
"99",0.000362236324024629,0.00401343720266077,0.00487088716729567
"100",0.00237253094438263,0.00242783395729712,0.0338180269299457
"101",0.0274008677890876,0.00305050301709736,0.0212665861506103
"102",0.00424578172754468,0.0187771854645821,0.0195798589985777
"103",0.0320980827994592,0.00588714695086306,0.0168676792978856
"104",0.0265679673611187,0.0176283254902381,0.00675087092660107
"105",0.00429408246757489,0.015500214085787,0.00993522381968725
"106",0.0497192896792116,0.0196813039707984,0.00436412664939321
"107",0.00888824583427245,0.00630641060857432,0.0114047890785325
"108",0.017196116013044,0.00149066847502512,0.00493228238898357
"109",0.0037311982721826,0.00271982210254219,0.954659805095726
"110",0.0361798372582505,0.00350402579052874,0.002839962306178
"111",0.0312352547198536,0.0133524927041196,0.959609138030612
"112",0.00392658890307974,0.00511623295412793,1.13399709959267
"113",0.0199038196912313,0.00594781445213722,0.00968725458348277
"114",0.00955513448009985,0.0116039855989947,0.0102608966134386
"115",0.00743518977605145,0.00776729861925105,0.00808456818298525
"116",0.0056107375182378,0.0205928427339747,0.0217205894714747
"117",0.00672823039963355,0.0184066011012282,0.0126048759582564
"118",0.00447484880062684,0.0173576946339468,0.0130753845316989
"119",0.0265195705108163,0.0542463688109691,0.00907231090798839
"120",0.0143740955468596,0.0363006249524023,0.694244032819022
"121",0.0211910663244583,0.00999875084204019,0.0241512211362664
"122",0.0149604618060063,0.0195219112358444,0.00498017491868145
"123",0.0401402753426386,0.00170610215947127,0.00579365863528424
"124",0.00741475151453902,0.0031812119092643,0.00304456565373269
"125",0.011095631568011,0.0171158519245258,0.0218561584475782
"126",0.0138125696901019,0.0043205218926919,0.0220075314528755
"127",0.00753568056513659,0.00714068293146683,0.000940061693537845
"128",0.0136024940558551,0.00151973639554872,0.00689760349287033
"129",0.0146684209960518,0.0258280308185952,0.419505920392618
"130",0.00992935624385989,0.00241234063273938,0.013738020082557
"131",0.0278065236527138,0.00367175101446439,0.00753475651791595
"132",0.0152250175975909,0.0148573746452,1.06332832439904
"133",0.0159613876587367,0.00916799060563442,0.00433332819413565
"134",0.010280435633024,0.0365663732288606,0.693337327688811
"135",0.00445157758656783,0.0128472854033311,1.00712482462146
"136",0.00812863752764586,0.00400906370320811,0.0159960770694163
"137",0.0111867222070413,0.00596229626885241,0.0072183556607573
"138",0.0102418329834904,0.00547655180459672,0.00658522945593462
"139",0.00677574879960265,0.00518117201556188,0.00615417926184481
"140",0.0189295799531775,0.00386847248405169,0.0159976405721112
"141",0.0657512144248863,0.00143513824651489,0.0109839168975008
"142",0.00476138228311611,0.00212017005116892,0.0488255506103269
"143",0.0142130079229325,0.00307330352109644,0.480237646210499
"144",0.0092037223492627,0.00446764626683322,0.034199785344559
"145",0.00529829749139799,0.0128614667790621,0.00791664853129952
"146",0.0186502745662762,0.0205664995757373,0.536603497303289
"147",0.074064896421497,0.00381728815982884,0.0126084355117094
"148",0.024261000622433,0.00171873173964132,0.0135356800283535
"149",0.008200398365235,0.00718250612047608,0.0128817910423729
"150",0.0480134448300166,0.00627819661078264,0.664544349248324
"151",0.0169290825776281,0.00855454689829344,0.0137889829366688
"152",0.0660870253125335,0.0158494952986294,0.0243302525611719
"153",0.00711671771012704,0.013176470375935,0.0127373501836296
"154",0.00633500985509596,0.00989028448344444,0.624334052444554
"155",0.0301961591202343,0.00123061191254268,0.651551034527079
"156",0.0132874129181979,0.00720282948564713,0.00673082232845503
"157",0.0171834545934704,0.00364253335559016,0.00704494763019498
"158",0.00696939207577645,0.00383867853811068,0.0178605954035433
"159",0.00486417851042017,0.00093447248896765,0.0113763710417889
"160",0.00601954081128933,0.00491435444572044,0.00336280318306332
"161",0.00268884244958701,0.00512383241486861,0.0325638885492045
"162",0.00926777888643633,0.00494308247357272,0.0219039344529859
"163",0.0158804860759937,0.00480852243503664,0.613508745403767
"164",0.0700264232656865,0.00224250590695649,0.00503386354504527
"165",0.0282208256221989,0.00628798549641733,0.0209407290905692
"166",0.0105697704903996,0.00947368281470507,0.00418953465358314
"167",0.0123243602955763,0.00288365471069619,0.0071886127076301
"168",0.0133664669399558,0.00870427677831043,0.00638831086212846
"169",0.0122503879189394,0.00583425475155963,0.012429516006635
"170",0.00933945766109914,0.0114856930849409,0.43338670543999
"171",0.00402054577432831,0.00730946600047008,0.514965858325708
"172",0.0082376021809954,0.00208939104156066,0.00838446386287613
"173",0.0478016461351055,0.00259052781603647,0.00217010241120888
"174",0.0166858791522253,0.00177181959854779,0.00754321035745083
"175",0.0121521110571581,0.0143834817562951,0.00980199440650808
"176",0.0216057915439861,0.00141354266348228,0.611314419009231
"177",0.0272487252266347,0.00951905825962945,0.320740497586679
"178",0.0177663399103062,0.0036576293338889,0.558131823425846
"179",0.00640937381741257,0.0123522274362979,0.706817721403414
"180",0.0117005347824236,0.00704273211026234,0.0141472901578551
"181",0.17299277306243,0.0162703307358067,0.0130994262611997
"182",0.0122830332808645,0.00755101019684589,0.00456745670448429
"183",0.120440894084692,0.0151375011885101,0.00218932339769305
"184",0.0118072502907782,0.00596944066208577,0.00951625251507592
"185",0.024784327888676,0.00198480376608046,0.00709489001786963
"186",0.00437092914514721,0.00296411258432062,0.0116027492434837
"187",0.00507558233759308,0.00490308523828975,0.00733738722018159
"188",0.0117107078854979,0.00370406067632084,0.684745811405995
"189",0.00798376208042077,0.00373009740974516,0.00634903816293339
"190",0.00639963903926271,0.00706981902524517,0.00489052518924006
"191",0.00274433645700691,0.00398563013447518,0.25800318671902
"192",0.00418648637213876,0.00112370423914142,0.577855153645444
"193",0.0222680661067894,0.00346570719845751,0.845184354884045
"194",0.0169018435683759,0.00305590199513707,0.00665568844414076
"195",0.0203649292553775,0.00353072144226468,0.431993265240025
"196",0.00820401207691999,0.00638074286866064,0.0118380186731561
"197",0.00845943668742992,0.00446788054429726,0.706725527524307
"198",0.0174915977898271,0.0111157996130549,0.00967851896408975
"199",0.0020047045113688,0.00500403438221269,0.0202286866971921
"200",0.00656650206303455,0.0104068897487167,0.00885993177812492
"201",0.00730420803915071,0.00444861863430161,0.414784957715247
"202",0.00868897689221818,0.0123022373115765,0.00315299434292289
"203",0.00405043357067283,0.0113148196751789,0.00457903540769675
"204",0.0356604053917812,0.0114121928086273,0.0215687379738917
"205",0.0143748580251423,0.00415267684338713,0.0111924323455432
"206",0.0127308314604367,0.00808004868289693,0.0118034913659091
"207",0.0213497581136782,0.0175531366357771,0.0267498160037141
"208",0.0324607284802857,0.00489892993211631,0.474198830431786
"209",0.00601641757528131,0.017517433662476,0.00236838277404141
"210",0.0146054266487514,0.00711017084328175,0.64206137187631
"211",0.0112195833190245,0.0110056248240977,0.014500586709996
"212",0.00713987151538604,0.00824759113364532,0.00422108129245155
"213",0.01125946724843,0.000302533508080639,0.01049952140326
"214",0.00994026600278097,0.00128091577201429,0.00405722407778398
"215",0.00838855870088525,0.00306506570227374,0.00427532584337748
"216",0.0525307751309231,0.00325611160968915,0.0190083477238062
"217",0.0137970604472873,0.0118171999936394,0.0227492615146084
"218",0.0225308395919225,0.010532474834421,0.00560885469760927
"219",0.00363200682184033,0.0211317861222817,0.00214981498859092
"220",0.0152727647378037,0.00157417808507701,0.00954726375237338
"221",0.00233827943452539,0.00288787891861224,0.00537013308292621
"222",0.00126605702108977,0.00294558672933618,0.00203416153199059
"223",0.00624668778637409,0.00529326554508246,0.597511301065856
"224",0.00482656635192224,0.0143935433612518,0.0235722463631472
"225",0.0166988882500615,0.00619633161875358,1.08790170140838
"226",0.0186531976244838,0.00828607798465623,0.0108384079628255
"227",0.00262620161124799,0.00189921965058157,0.0241537960325613
"228",0.00289195839138306,0.00346966406625673,0.00813715354985718
"229",0.00665503131263085,0.00381562951838573,0.872573735210328
"230",0.00741512799853264,0.00164156421023209,0.00171254434841249
"231",0.0158893415543821,0.00151843352918608,0.00502794127097732
"232",0.0113589444948528,0.00728620260007703,0.00501075981413129
"233",0.0166803304220547,0.00802328303948529,0.0099044682591658
"234",0.0108923203997907,0.00446664178304242,0.00183799459327953
"235",0.00218085516846586,0.00275114155272942,0.783728396006213
"236",0.0156959860193233,0.00351819621286738,0.0113031537751735
"237",0.0205814869861943,0.00326923122849103,0.00165836105970653
"238",0.00287811056468919,0.00124164138027319,0.00625421298986864
"239",0.00731838958793045,0.00128109128430653,0.0180416948209894
"240",0.00230447043107956,0.00597840504779841,1.24174594735235
"241",0.0114045039344257,0.00064644142382596,0.0557622086542302
"242",0.021113750678945,0.0106836286838809,0.00879109149490064
"243",0.027868884644058,0.0115194433179567,0.00834450660422726
"244",0.00913686638212689,0.00768244523382862,0.00477352615586656
"245",0.0044858460350406,0.00341765892270569,0.00826905343300991
"246",0.0144412816872432,0.00593219977355583,0.00462696531520541
"247",0.00754789785635919,0.00214718758147257,0.0259147433344092
"248",0.0168175073476298,0.00546112819493863,1.05831789203993
"249",0.00657837330841794,0.00130242406219773,0.00135112912964622
"250",0.00735194630918453,0.00636424824014254,0.762229879072713
"251",0.0117902847912082,0.00121806511556707,0.876505236549009
"252",0.000824066275137541,0.0065068370601227,0.00410386465374055
"253",0.0179023598223763,0.0143651197003852,0.00294514479143671
"254",0.0156173774181878,0.00458253503937966,0.520357487580463
"255",0.0140567884677827,0.00260396130873153,0.00706310146718405
"256",0.00622806753893627,0.00179725503863627,0.00800114294477884
"257",0.0402026477947548,0.00418103574591122,0.0149748161684232
"258",0.0126201104138017,0.0011227321279505,0.0133819264548728
"259",0.0180446506818362,0.0155272029725025,0.6346459771984
"260",0.00424508547989281,0.0181239682595049,0.813524758052551
"261",0.00153063494114466,0.00429024727164917,0.885685055946618
"262",0.0176078602648708,0.0162168346844186,0.00194191693126061
"263",0.00929066359411594,0.00859301955475249,0.00911173971870767
"264",0.0270103294051395,0.00549192743312452,0.0097165466738418
"265",0.00967131918402858,0.0177876884684612,0.00881633089848478
"266",0.0208219562586719,0.0345037242319074,0.361086279168048
"267",0.00674452643680731,0.00180932573485428,0.015537427181733
"268",0.0109000130177888,0.00110616259068584,0.00664295796365601
"269",0.0120040204820185,0.00540165887611764,0.0278822959832423
"270",0.00666073242752279,0.0261729939177065,0.00420791926703745
"271",0.00642637747921451,0.00453493993192183,0.00186010683073252
"272",0.00558312220375595,0.0035774962482454,0.00385122494858757
"273",0.00225002752696578,0.00526001987786771,0.504099246698527
"274",0.000849462626270698,0.00581175894619728,0.0139809334421566
"275",0.00640989522829871,0.0175866417961059,0.0250718290924225
"276",0.00981401780073376,0.0594389616929891,0.0127196425627383
"277",0.00309607618914146,0.00651168154200538,0.0165248330344272
"278",0.0121248396138131,0.0123826706335108,0.0030917669743796
"279",0.00191498222911185,0.00174690640560324,1.05681109898943
"280",0.0151516384353657,0.00237534493584015,0.0320747374135311
"281",0.0117123187144447,0.0210922578917287,0.00608298698259139
"282",0.0619132533120027,0.00283514690312038,0.00213595420202861
"283",0.0119485623827954,0.00296666865445603,0.00854162595412232
"284",0.0162674930985808,0.0131112275168439,0.00376684419886361
"285",0.0488753266639818,0.00664614442023108,0.00545155320219766
"286",0.0598539061986537,0.00649999701404049,0.00867997877941746
"287",0.00311596931289503,0.0188477446320972,0.543357682197325
"288",0.129665876903635,0.00639750265251793,0.0406458566177517
"289",0.0310062005417453,0.0134639566034622,0.0081804929241675
"290",0.00850944176465427,0.00632561604594723,0.0490489272837374
"291",0.00904734584367791,0.0111809165435536,0.120764533878128
"292",0.0112176885685378,0.0244026316065675,0.0121024442999028
"293",0.00101516047156455,0.011911817359403,0.0608659029800156
"294",0.00795169677106189,0.0164724634810288,0.0386137842050182
"295",0.0120335169703139,0.00705365135222575,0.00445437237051979
"296",0.00980436981718458,0.00796105547894494,0.0131125150940098
"297",0.003317639499573,0.0026939590922607,0.956457003140744
"298",0.00563394254974335,0.00800645951929273,0.0100892943560305
"299",0.0233063856024386,0.00316280457196551,0.866648166132402
"300",0.00771438057413392,0.0111014760969402,0.90321688252243
"301",0.00301970487432763,0.0158552569182169,0.0163521111369654
"302",0.0109309038457834,0.00786306176286478,0.024656655446219
"303",0.0415911571539176,0.00974233935780224,0.0164136777690457
"304",0.00985621343559782,0.00899235066278775,0.0145132576580737
"305",0.00832192051109661,0.00870886373592515,0.723908079468172
"306",0.00608296756157319,0.00539826178446341,0.0332738201533672
"307",0.00814441278840236,0.0103784101517945,0.004083898746261
"308",0.0185025717390925,0.00366907467184796,0.0336227804199472
"309",0.0114816313870221,0.0199654882159183,1.0672366866858
"310",0.0189083668810116,0.00769855031766452,0.0244199665830109
"311",0.0188415913046563,0.00356654673273773,0.0315081218069602
"312",0.00956387850809876,0.00440711521858877,0.207854509904965
"313",0.00890403247208751,0.00219003843857289,0.00350537866014301
"314",0.0244240788495212,0.002352515291567,0.0111397558115719
"315",0.00657007125626212,0.00658074808926689,0.00531487231217452
"316",0.0352649292682421,0.00338208890877091,0.014604390687292
"317",0.0081937264645233,0.0559267837630175,0.0173742375056535
"318",0.00469625386974703,0.0523538906494507,0.0331959126961252
"319",0.00665541554913356,0.00413106115577238,0.0135197768562841
"320",0.0285402522585805,0.0105869124407594,0.0126479536077255
"321",0.00462938463051543,0.00266671653825597,0.860435058677623
"322",0.00663840579735317,0.00312281381284174,0.843664102904189
"323",0.00457328197964621,0.00256447080935025,0.0112974891488746
"324",0.0147487679296806,0.0029695151743029,0.0129280781494938
"325",0.00532687323799188,0.00368022267155423,0.00744729647264254
"326",0.00751136138242343,0.00669868713089817,0.0125631305218923
"327",0.197967316340195,0.00219805559608335,0.0154057809038303
"328",0.0172897869654542,0.0039804276789884,0.0897260673209569
"329",0.014077077349394,0.00674477666087019,0.0454439517129215
"330",0.0197079882917013,0.067848470296128,0.658978537898948
"331",0.00687248770902567,0.0314842931616241,0.0243188051337788
"332",0.00228421822087793,0.0586426451506865,0.0155816955999903
"333",0.0087715831778723,0.00314941870627429,0.00433541754457408
"334",0.0125376776849498,0.00672250533847093,0.0931842447860566
"335",0.0168494938949997,0.00461530230192311,1.17848854411585
"336",0.00493067789839211,0.000795618367013548,0.075219492770343
"337",0.0104060028542553,0.0127941493800554,0.0272553135186087
"338",0.00656951941746201,0.00824546912173739,0.0612377493512524
"339",0.00581063854951865,0.0204954943465066,0.713986776273528
"340",0.0115401972021376,0.0032693272909569,0.0389137942433481
"341",0.0259186384577631,0.0122623255319037,0.00911087553229838
"342",0.022308534085236,0.0108013333076694,0.0054103833613116
"343",0.0023318701165889,0.00471299275846056,0.0138864551108917
"344",0.0103128594418027,0.029177649863463,0.0227710974367449
"345",0.0102662468271856,0.017335181069023,0.0330007247660919
"346",0.0277103292730765,0.00463582503798319,0.0302572699115656
"347",0.00654275424534753,0.00110246367533565,0.0126254812188377
"348",0.00463339784158679,0.00461734436048496,0.00443818207537624
"349",0.00226399133596002,0.0102083317113516,0.0155842325599546
"350",0.016172553438,0.00161574099292056,0.864086210089439
"351",0.03527623056761,0.0115172493608887,0.0386131519226229
"352",0.0879717190084904,0.0501646519339515,0.0239408462215075
"353",0.00826830032955935,0.0121162401530541,0.0158513291604044
"354",0.0115470119567767,0.0181802394475705,0.0171131684436249
"355",0.0211855674997479,0.0107967497374783,0.045756197280791
"356",0.00812977864175365,0.0156564505477408,1.23198136680377
"357",0.0143427604817151,0.0196858635453683,1.34247798474029
"358",0.00484458134201328,0.00878306967024852,1.14686222671916
"359",0.0122335992687268,0.0124502013485296,0.0274629404514495
"360",0.0186957596765384,0.00336171492043392,1.64473071756697
"361",0.00357860034199407,0.0490524989108477,0.0138619780939992
"362",0.0098298681995362,0.0169130229394593,0.00614793050082655
"363",0.016096082930871,0.00738259019705991,0.0188700222081379
"364",0.00387561966945026,0.00590720146375682,0.0280193852195571
"365",0.0125364546558923,0.00555192177086002,0.00755593302575486
"366",0.00637126578797366,0.0110246694168513,0.00717402586610983
