"","JEC","JSC","TCG"
"1",0.0399443433375009,0.0551173283115666,0.913092870750381
"2",0.0472195848759801,0.0299081533443527,0.45200708073058
"3",0.0289465814447026,0.0547255802833403,0.701167207224688
"4",0.0274938646209711,0.035445445263725,0.788633734767752
"5",0.0486775944318816,0.0311556839727049,1.31546712198502
"6",0.063182382264989,0.0550450563417479,0.352699010323921
"7",0.0823952779812593,0.0621212700927858,1.0473255996577
"8",0.0201311725457561,0.0233738305101034,0.920645902899977
"9",0.026505832614674,0.0127354968017731,0.830222059506359
"10",0.0519400556707298,0.0482830408352944,0.244606190312773
"11",0.0375645690712162,0.0609303105104707,1.40426326673899
"12",0.0302082690497242,0.050322873220373,1.27047693177876
"13",0.0547435724299142,0.061591467108672,1.07515574964662
"14",0.0539489723881563,0.0615365047530892,1.48724647651758
"15",0.00886310592469591,0.105349658866681,0.63973605380834
"16",0.0436389860104504,0.0303348970899332,0.742091200435143
"17",0.0569368155084045,0.0501410923916578,0.128512398185232
"18",0.0287986788891835,0.00974280261000486,1.01911168164009
"19",0.0487031323846327,0.0769566561843762,2.17961891969449
"20",0.0352864278644836,0.0340535633247118,1.12762874528101
"21",0.0264915648795949,0.0438045674579491,0.631145723822039
"22",0.0650200371674246,0.0397774342351902,0.911601601162765
"23",0.0752748305573469,0.0428462708081127,0.768904714860454
"24",0.115280207912057,0.0723474267122235,0.866495172834379
"25",0.240660201510765,0.022816489471467,0.752967780152519
"26",0.0603013248191565,0.0349022336165026,0.394650050797908
"27",0.00572176340633151,0.130331362212375,0.6048397726286
"28",0.0178467407445567,0.0275768817822273,1.32934550235289
"29",0.0380850042266224,0.0401338344305494,0.818338763562254
"30",0.0671660405800182,0.044745727862107,0.470652027206282
"31",0.0607920023082409,0.0442162347323963,0.560462799268816
"32",0.00847501734237244,0.0876727080062392,0.438855204313897
"33",0.0304853167415878,0.038886585963744,0.891860775315496
"34",0.114175406721667,0.0302769640893897,1.17757466627959
"35",0.0108504191179541,0.0540303817861298,1.21642421050399
"36",0.0789832961248018,0.0656848135926168,1.24076298698585
"37",0.0164793839996566,0.024026630277696,1.23343933240211
"38",0.00687913292559703,0.0244772488578312,1.51771813834608
"39",0.0834348761101042,0.0408001317238135,0.593535572404033
"40",0.439185202839988,0.0252530555521538,0.794512619299711
"41",0.0319631472183496,0.391250070889943,0.760704150319655
"42",0.0297702384814467,0.0401908552437135,0.765574482519068
"43",0.0400417365225587,0.0255171185197284,0.683588445715749
"44",0.0285784873442196,0.0113891397055165,0.438183499429446
"45",0.0648550527553954,0.0247591627184016,0.759599526917567
"46",0.0189958260977784,0.0412636541396184,0.607928083407722
"47",0.0381865022489424,0.0397872496245577,0.750540083254002
"48",0.0841014141927608,0.00296081328631231,0.844925372933583
"49",0.0167057623377178,0.00345990177120538,0.498015367780457
"50",0.0128488716577761,0.0361825838429611,0.531424384756552
"51",0.0182577592962406,0.0189907747745635,0.954385821880135
"52",0.018582211051522,0.0418324102861491,0.353967328304265
"53",0.43422587913257,0.0841396104322884,0.683326767447989
"54",0.0880722583793542,0.0359813290884998,0.437864152196596
"55",0.078921061483558,0.0733153471408259,0.823407908066926
"56",0.00592099587377217,0.0266200410525225,0.594493819150623
"57",0.0754832479897173,0.03317522694227,0.319251447060078
"58",0.0445900710937453,0.056753763318226,1.98833070220541
"59",0.0534783151138886,0.0182999295847266,0.646731908861854
"60",0.0407963967993486,0.0251409044475246,0.822639859278806
"61",0.0166814930462367,0.00976503827201736,0.580011535618803
"62",0.0363516256026232,0.0237273436295912,0.693405376840337
"63",0.0420265345389116,0.00633987127869672,0.297789955686991
"64",0.0296630187774749,0.0318900738923996,0.579298452313704
"65",0.0335035443140771,0.0963957957327503,0.598175299158322
"66",0.0758078181705846,0.057761174169031,0.193171603821968
"67",0.0511740920088533,0.00578531558329236,0.603802301893927
"68",0.0405996447049487,0.0502747270161656,0.965905537312079
"69",0.0216063774087079,0.0641662684090849,1.0725563807162
"70",0.0766350921236868,0.0260658843198228,0.695034713938588
"71",0.0193097885826892,0.0318447490460981,0.667509250514347
"72",0.019463784238579,0.0285512113621681,0.960818174709554
"73",0.133951744827653,0.0642636899623868,1.01743712104795
"74",0.0252902479417266,0.05422279756088,0.970003432154429
"75",0.0524779552565358,0.00959255866373369,1.22883685923133
"76",0.03186732999109,0.0403268885936343,0.748623753706693
"77",0.0430393266038949,0.0222809847788281,0.286141863999948
"78",0.0139987071822879,0.0347315088635608,0.407401213432135
"79",0.0306552630351164,0.032059217659364,1.57873279218375
"80",0.0509511645462218,0.0235608108474462,1.43397425444919
"81",0.102065490228184,0.0183924736319528,0.374369710882549
"82",0.0415676586909368,0.0240936612312683,0.457373665876413
"83",0.0469462107463823,0.0467467007040494,0.816817139144733
"84",0.0810918414515225,0.0107267871348892,1.50281693967764
"85",0.0139237343135542,0.0685954965412496,1.14403116120182
"86",0.0641422841006236,0.029625541939026,0.942916818340707
"87",0.019181482615498,0.0312575475865571,0.873716875940691
"88",0.0304175191859932,0.081476530248782,1.05300254558454
"89",0.0248437827876031,0.0622263660688935,2.24379963479666
"90",0.159417440001648,0.0282458796396162,0.822576657705585
"91",0.0668711464612681,0.0387904635407184,1.40118450890115
"92",0.0192353191702817,0.0421745326998212,0.746797562487633
"93",0.0424343389860834,0.110825330550158,1.03080502208597
"94",0.0144647818384154,0.0358585742708596,0.390239802742602
"95",0.0457613060763386,0.0538857696747347,1.77715092377539
"96",0.0306440693670556,0.0348084711454387,0.402779675601341
"97",0.021966846512302,0.0339610704585435,0.387307648486379
"98",0.0703125465866388,0.135940794244929,2.45923481642648
"99",0.014637467789346,0.0595540544526298,1.29646849362722
"100",0.0158354034124151,0.0311615510366035,0.204168614278483
"101",0.0432494717487791,0.0496775398279041,0.391079112692346
"102",0.0492620964738678,0.0432217190716141,0.382692045754527
"103",0.0593300900795181,0.00960183760365126,0.985186105114575
"104",0.0540360366774513,0.0100037735825891,1.00016509791625
"105",0.0256535904136081,0.045270318383865,0.536992811190917
"106",0.0406308437481597,0.0949188090100307,0.568764603274085
"107",0.0037904061177214,0.0535226019045547,0.960559871859974
"108",0.037598746155315,0.0169155565625175,0.587834251336486
"109",0.014570831819525,0.0472164439802476,0.840004190938865
"110",0.0483925890085708,0.0197544300760816,0.700230367169066
"111",0.0291361223701857,0.0734574479736492,0.344746354344882
"112",0.101018843812144,0.0274701879986464,2.52630383043631
"113",0.0618000327959405,0.0229966007316322,0.585142719176038
"114",0.00765823142026756,0.0376229176929661,1.03505287617418
"115",0.0836087010848274,0.0375552070198318,0.799085148233894
"116",0.0216557346531399,0.0416403175976382,1.15548522712625
"117",0.0123626927529663,0.0423723550758056,0.436927232932411
"118",0.0435779370240937,0.0374250584498458,0.79076562734862
"119",0.054824162328073,0.0498434056123397,0.736065964188138
"120",0.0535537998361948,0.224746527572962,1.34006868559009
"121",0.0748175163595801,0.0482411427819695,0.738588147622465
"122",0.0480237145105856,0.0827978571629604,0.454986770328872
"123",0.0374326874884258,0.0555077911390963,0.751477338986917
"124",0.011092154559464,0.00810095311508076,0.724029997119584
"125",0.0427004816147548,0.0586820420852488,0.467408673647249
"126",0.0162844323155809,0.00894498025862959,0.652588399115344
"127",0.0197733576819233,0.00757961042232674,0.654234535589513
"128",0.0288153766115544,0.0541493662479667,0.915879824727828
"129",0.0215146855829464,0.0137491922661907,0.841734888355383
"130",0.0184774680815241,0.0380544359641664,0.639278891372285
"131",0.184180366088939,0.0267506201988646,0.615526044886151
"132",0.0440773425263273,0.00888908402609319,2.09975776210975
"133",0.0144556608979208,0.0147684147982322,0.937754744958859
"134",0.0249596005191387,0.0525443549793922,1.39569226881545
"135",0.0338980193005934,0.0266226759691019,1.95822356248354
"136",0.0724010635426723,0.018359929708063,0.412128560801058
"137",0.0171381168774737,0.0294420513705275,0.447855604170638
"138",0.0734913288386519,0.0261007315875054,0.690226912238415
"139",0.0489711945927754,0.0170221838591314,0.705760824569972
"140",0.0311573780704058,0.00898277512512082,0.838964391670089
"141",0.0672375407819451,0.00410459637792936,0.60491389313034
"142",0.00507621680386608,0.0428064374250128,0.933418428312331
"143",0.0518503501968516,0.0268042163103186,0.508744604457367
"144",0.0961364709955525,0.0141043447786067,0.564466471090378
"145",0.0524519586461777,0.0304019139401369,0.674114234069567
"146",0.0321994024812554,0.0210043492314595,0.977984652244679
"147",0.0390640129753289,0.0416273020451416,0.537415394950399
"148",0.0468126795023943,0.00271111118646819,0.612479151545873
"149",0.0284658336406547,0.012519647173923,0.605879414935299
"150",0.0315544357709079,0.0628782609886076,1.16168942373311
"151",0.0331295389065694,0.0161564432511385,0.806009912367459
"152",0.0721903835232225,0.0143798980018232,0.699550297359412
"153",0.00814773222683508,0.0153125520977628,0.709332463731671
"154",0.0480298830627802,0.0238110575053479,0.698432835671932
"155",0.0460519175064212,0.0267631969969416,1.20543606631905
"156",0.025986958163868,0.0247386715927859,0.668464428705802
"157",0.0114707589307699,0.0328477473537822,0.213410062308823
"158",0.0240810943951477,0.0296608041003092,0.78619760469818
"159",0.0523929645387834,0.051467087440596,1.01797566832469
"160",0.0524722674399727,0.0115303788071553,0.852363128152326
"161",0.0263665046376717,0.0790911245508357,0.706999997315311
"162",0.0598169185280794,0.00885652041254825,0.770040813834496
"163",0.047031711777244,0.0515208482904624,0.785655972602087
"164",0.0144950992408137,0.0419716267689607,0.719107569330032
"165",0.0403181356972846,0.0298121862208861,0.397636113329811
"166",0.0148005690586431,0.0160610690363968,0.621822991622838
"167",0.00471236575679614,0.0053551391355447,0.854011435158785
"168",0.075344985747592,0.0289341375608153,0.731083979128792
"169",0.0587208983982629,0.0557026307508183,0.753127936800641
"170",0.0616820879862127,0.05567481130454,0.940082568775433
"171",0.00667646640661018,0.0233477172074493,1.22100561327512
"172",0.0234085899710961,0.033242455825655,0.692976960244652
"173",0.0327161153786374,0.0954774706534321,0.351668423582469
"174",0.00627314423032044,0.117678578758889,0.283074645459644
"175",0.0245088137954565,0.0297191157591806,0.295343177007042
"176",0.065575431403034,0.042627095310281,1.42244994702414
"177",0.0399368769291864,0.0334600671320964,0.783821848493835
"178",0.0290931274485359,0.0489645943966275,1.10294246332037
"179",0.0375297593055774,0.0553018899287021,1.20324213885952
"180",0.0643824473437952,0.0426455424344746,0.564489959134765
"181",0.055804722041801,0.0126380906712033,1.21461941350591
"182",0.00902736968666654,0.00932913303766847,0.621656192144408
"183",0.03779602829524,0.00328940089774346,0.416471465541273
"184",0.0135978555114346,0.036816065329883,0.609006897471517
"185",0.0259078854025819,0.0427070143922617,0.628371325543337
"186",0.0628710041555515,0.00593496037783238,0.680720922662018
"187",0.0236199256667606,0.0206687422373461,0.698028651368476
"188",0.0343631365339348,0.0275414438728658,1.23113970887404
"189",0.0278334812832722,0.0178371572362103,0.748860393412266
"190",0.0265149671981181,0.0394776016435378,0.773939235429327
"191",0.0526758124113759,0.0308941977904735,0.501497012598269
"192",0.0120243302441444,0.0148611391993607,0.443950538919353
"193",0.0150257969550743,0.0197466455712846,1.67114706180005
"194",0.0316506165015141,0.0290892996730453,0.471836776235972
"195",0.0219661705506373,0.0330448483273336,0.261480227193032
"196",0.0282150558000241,0.0243591823960578,0.484225444674935
"197",0.0486073214979941,0.0530507969437271,0.662252487336189
"198",0.0658517086722824,0.00815769208283394,0.447629533016523
"199",0.0183067114627775,0.0291939208368659,0.532242783002012
"200",0.0248484938820993,0.0153757331931838,0.383600579897182
"201",0.0915660560208422,0.036485248601547,0.994287494083986
"202",0.0558973027637346,0.0403815843012566,0.467092239114687
"203",0.0119053918770181,0.00377093351191346,0.403940867283873
"204",0.0744980827811049,0.0247721979482685,0.464119751762208
"205",0.0485969138489017,0.0422016558280255,0.516199860600867
"206",0.0107656818699386,0.0596030863304162,0.962328417055476
"207",0.0422656777014133,0.0653168766786879,0.677683334764051
"208",0.110004483172818,0.0605555982521792,0.399884261397599
"209",0.0508927786753135,0.0425094227696135,0.515417547299076
"210",0.00957125574227169,0.0465594264996914,1.13371898732191
"211",0.0555468019666269,0.0118194291261862,0.525775371894422
"212",0.0360307081356456,0.00793799518237982,0.467962640043964
"213",0.0257017143112124,0.00779129916855592,0.486617979778474
"214",0.0279235136079758,0.0306630733811002,0.481755655927258
"215",0.0266023321498768,0.00554893219795737,0.535975982961241
"216",0.0558830669065018,0.0427405451796446,1.04253022580199
"217",0.00614474831247717,0.021939921526854,1.05192834050292
"218",0.0193339240186523,0.0540974661010058,0.656336019587885
"219",0.0178971636472529,0.019527128617029,0.481575926219201
"220",0.0286204214394965,0.0121294930263268,0.354670978777122
"221",0.0101356059827006,0.018560516628124,0.537258305454592
"222",0.0605264357250309,0.00663688827934837,1.16466664820503
"223",0.0498312807197585,0.0643085044711252,0.978154567449779
"224",0.0137395752411256,0.0187001766869743,1.03407496794506
"225",0.00897346746243344,0.0181075230020265,1.04174542379347
"226",0.0148400730460728,0.102650703822195,0.948095372542058
"227",0.0238889769088078,0.0215486611288514,0.564739150997405
"228",0.0429934949906411,0.0328432717820386,0.782519483815636
"229",0.0219021268956706,0.0100886248369531,1.74578471067953
"230",0.036755375297924,0.02494416971803,0.560894993296764
"231",0.0267436924310773,0.0100126360501992,0.29807711881623
"232",0.0612097549153276,0.00911827524955305,0.230798044136046
"233",0.0442746397185683,0.0115774488976979,0.600105279194821
"234",0.0133434579687421,0.00422810237214985,0.468980060321783
"235",0.0451197416203862,0.0138798344370576,1.43431389657926
"236",0.0585718464772709,0.0197328700698779,0.47242677510705
"237",0.0374964923005158,0.0196795733814768,0.515493104024861
"238",0.0260613237492686,0.00381399880480204,1.0059525827394
"239",0.0642612638159917,0.0468422418750327,0.189984445109216
"240",0.0179674203627434,0.0380814617010473,1.10194334406872
"241",0.094378814871256,0.0428261351052232,0.79985684443137
"242",0.0812753865178192,0.0515941459387255,0.492117609661255
"243",0.0130436918047851,0.0422338593937616,0.74642751347267
"244",0.0439134919329381,0.0575677469751091,0.817386792868505
"245",0.0297716516576555,0.0418441922933799,0.460132103656049
"246",0.0291011172251545,0.0243226679574518,0.470056490516389
"247",0.034296624908794,0.0177394255232021,0.956829951221345
"248",0.00581383525570973,0.0482919987000041,2.22766139360833
"249",0.0339809363452183,0.0442960935608656,0.947674298263104
"250",0.0212909776630656,0.00789401755048836,0.737516735959812
"251",0.00428851023018337,0.00750296175059311,1.68649800126947
"252",0.0615321852380652,0.0657324458376189,0.472297134214429
"253",0.0462040687325971,0.00419810068983468,0.359372745199821
"254",0.0358742964211969,0.0240998857684859,0.436759550911887
"255",0.0835518738361987,0.0179872784693701,0.726630824198721
"256",0.0283889519653345,0.0964562972886637,1.62329443053441
"257",0.0393146026861887,0.0445859572670905,1.12788068864999
"258",0.10392508155133,0.0128760863297329,0.53317714883292
"259",0.0280557973273316,0.0300557283954255,0.542012772135295
"260",0.0652133811710303,0.0597628181550256,1.54733636764273
"261",0.0181608181687193,0.0250209112379821,2.03278137162512
"262",0.0947367864734162,0.0225435011512473,0.619128467821001
"263",0.0606536043588141,0.0427724653704514,0.551697322339674
"264",0.0398988546133351,0.02032805935127,0.459219665413023
"265",0.0412138520526807,0.0589092694336439,0.211361037682048
"266",0.0472924133963894,0.049779698278572,0.766470076742305
"267",0.0100022667062326,0.0283496878753285,0.491016724115426
"268",0.0134665464880818,0.053846557311463,0.460856259184
"269",0.083426813746839,0.0240757890932989,0.471591892879436
"270",0.00205986482271582,0.0439444459607968,0.715816621238999
"271",0.0623823513793885,0.0582918107056293,0.767432886044301
"272",0.00997088873922659,0.126932062521356,0.546470119104045
"273",0.0154083561993797,0.0706325171105006,1.03794705512162
"274",0.0107464028851999,0.0132495608930169,0.856247841636068
"275",0.0331612025574264,0.031119007266774,1.4240865886887
"276",0.0144967408357897,0.0726826205448294,0.911373308033156
"277",0.0416458928764074,0.0603083322418257,1.31621386667155
"278",0.0249133968045413,0.0328180886766762,1.16595598234042
"279",0.0519843978368978,0.0401037230829441,0.988621087253028
"280",0.0485481174899611,0.0550490416442819,0.800599112609923
"281",0.0154326465549203,0.0800397697259509,1.04973216792266
"282",0.0219144282062858,0.00742804677197438,0.349400389420506
"283",0.0661890993680704,0.0167712396023521,0.262369758664552
"284",0.0215664770008104,0.00206232134952027,0.547186251853017
"285",0.209134755844336,0.0144792194656089,0.550576226087788
"286",0.0717168669172736,0.187168477674579,0.776394930102121
"287",0.0208136551877595,0.0268322327159091,0.995731569667116
"288",0.0151031287942224,0.0253818100132013,0.645214196398111
"289",0.131681436246294,0.0113695772725953,1.01721041382467
"290",0.041641426241295,0.0276297022607153,0.478405010516061
"291",0.0591067203141403,0.0430538831979395,0.304354442114633
"292",0.0784912076531912,0.0366116126187852,1.01366105785009
"293",0.0395510532682692,0.0561288342937353,0.735157246850687
"294",0.00722995680416544,0.0320403158189805,0.244590021773422
"295",0.0352080756922525,0.0446137243808097,0.673952052550397
"296",0.0134668412111299,0.0166419965844749,0.960150276927089
"297",0.118959733326697,0.0281103473639705,0.927120606252511
"298",0.0192321675830151,0.0336311511875558,1.71959981488069
"299",0.0763242479708935,0.0122986896701891,0.976707909501928
"300",0.0425595722311857,0.0478980057056407,1.76536330026228
"301",0.0308005844967466,0.0481899261178841,0.556311405590961
"302",0.0630241279251929,0.0415734453471359,0.603094417300687
"303",0.0182068077502699,0.0575515904038532,0.695289504451746
"304",0.012538891868518,0.0549588486155343,1.26196888544945
"305",0.00498081092243016,0.017021911752497,0.594915438024006
"306",0.110748245099077,0.0339159434445199,0.907333871465738
"307",0.0455265778913867,0.0677045855656703,0.670993382504164
"308",0.0230664986276462,0.0044808733492319,0.679684276353831
"309",0.0644601426293397,0.0194491151683682,2.02855944615643
"310",0.0543489508773058,0.0191916574904668,0.37882066751905
"311",0.0451033592907236,0.0151682677630903,1.37201855458111
"312",0.119370452371015,0.0185758135712511,0.429120183962521
"313",0.0773926245151958,0.0101021451499525,0.71260678175133
"314",0.0122225733840324,0.014879987920522,1.01111246009862
"315",0.0320225239785685,0.00795243068463461,1.11150188649672
"316",0.0258290378890132,0.0196645450749366,1.28039931634799
"317",0.0472282523613755,0.0737199443578366,0.350132940157907
"318",0.0329122047769158,0.0362084325449272,0.630249287875575
"319",0.0158919199125698,0.0482348676620561,0.324260688407033
"320",0.0307908886092883,0.0102571694922983,0.829644782239023
"321",0.021416814728274,0.0299810155184465,1.59712655263963
"322",0.0295014818997331,0.0273208282733866,0.579970921381573
"323",0.0152075827344291,0.00408450679325555,1.12432911910666
"324",0.0140497000979035,0.00513458324870528,0.969541265320844
"325",0.0549303130863795,0.0464237321660021,1.07700311972638
"326",0.105087661238983,0.0309982446438837,0.527641561242614
"327",0.281568603006605,0.0171623507421713,1.00241151179445
"328",0.0271980943077983,0.0643741751374688,0.623682996082793
"329",0.0408078061820163,0.03076704376451,0.649254407676023
"330",0.0170877064067906,0.492393247439281,0.848789460230384
"331",0.0482523444380644,0.0339165216195243,1.02338980915162
"332",0.015991451006883,0.0574892650485458,0.79010387398522
"333",0.0187771235952981,0.010966076389139,1.03650488852774
"334",0.025074781612055,0.023454505092359,0.984103383888022
"335",0.142952172520608,0.0688422125933077,1.07481819547979
"336",0.0659905580292982,0.0554988003165438,1.01342955398268
"337",0.0597204852539033,0.0340414956391032,0.614872142347306
"338",0.0727030023456522,0.0398221349179673,0.640401353100389
"339",0.0242921230366378,0.049132816419561,1.39834300308734
"340",0.084147668934944,0.0388534227245451,0.558738129810113
"341",0.0509447611963986,0.00421218160836325,0.462872148141461
"342",0.0263701154378911,0.0414509702983506,0.3544028982357
"343",0.0169466108396166,0.103365982331935,0.39220765240585
"344",0.112097024015132,0.133215706590246,1.13100857384357
"345",0.0203946315084202,0.0666961068888125,1.02913108593431
"346",0.0145469548490156,0.0150463645412035,0.77502362283251
"347",0.0972029650622662,0.0843480059129802,0.340912657624669
"348",0.0860872043826111,0.0619033314048524,0.772457039986438
"349",0.0278997137701756,0.0429832518918066,0.667098502152926
"350",0.0128016926262496,0.0345426475908253,1.73604490873117
"351",0.0278620769940078,0.0644993075815762,0.487371030682625
"352",0.0238623285345448,0.0975570267593345,0.498480503202681
"353",0.0385447372701101,0.00430169091417787,0.845475428345961
"354",0.0847615594516724,0.452434882713993,0.921522613028482
"355",0.0680298443841048,0.0755337946686304,0.923656828008206
"356",0.325292675696205,0.0216513675206096,2.16302902865251
"357",0.0236953736688776,0.0166368245953066,0.949083839154596
"358",0.0188379155140049,0.0758437524868405,2.16047440648706
"359",0.052825952561998,0.00970291224665027,0.628903890588584
"360",0.0498468185530632,0.0146704904633187,1.15066520178965
"361",0.0203167784691539,0.014522954405202,0.51949941337598
"362",0.0522432287811166,0.0813747184007868,0.423700544099823
"363",0.048610623281875,0.00729383682257334,0.854896898706057
"364",0.0364912861735698,0.0609765732681535,0.787100587347284
"365",0.125106330225465,0.0576267715303524,0.970933169950619
"366",0.0275050511533803,0.0761222706000891,0.65956244693683
