"","JEC","JSC","TCG"
"1",4.4715317633903e-05,0.000147618614201633,0.00219894055437783
"2",0.00709490036022325,1.29865538922459e-05,0.00103596017834253
"3",0.000151782277430324,0.000987854707372547,0.829068637014608
"4",9.40662671658995e-07,7.4732821805416e-06,0.872476773593028
"5",0.00755276322034892,0.00644291990904765,0.657501695555747
"6",0.000105400444040506,1.23684882899759e-05,1.50122920703544e-06
"7",0.0387223782417899,0.000128626536883832,0.941137625160961
"8",0.000401058556213451,3.63561203513107e-06,0.00692339127815131
"9",5.73006564904558e-07,0.000385994713640397,0.000774721652358024
"10",6.83375002991583e-06,0,0.00283205791518744
"11",0.000451554889925071,1.53058334586326e-05,0.000125748995141694
"12",3.08221909191147e-05,0.000220617332511165,0.00237505637426017
"13",0.00111386564993965,3.93343693292385e-06,0.00404630304912036
"14",5.03131387247728e-06,0.000202988704960588,0.0245899113786906
"15",0.00105553571770213,7.9975037147109e-06,0.000313770406777398
"16",1.91676299900189e-05,1.5411336358617e-05,0.00381837795335078
"17",3.02921325545796e-05,0.000228895025511638,9.52501985721783e-05
"18",1.35881247199321e-05,0.00293275327342198,0.00710330678411367
"19",1.11651089012953e-05,2.16358517419635e-07,0.000707757639949874
"20",5.66626045435343e-05,0.000131064222635964,0.000390000088489684
"21",6.45495995126694e-06,0.000112742993409063,0.0464281615637461
"22",3.3169587568354e-05,0.000561505359083801,0.000522552414174014
"23",0.00638980797876747,1.58154622663495e-05,0.364493657305306
"24",0,5.89297614867726e-05,0.0021423781264881
"25",0.0304978868673818,0,0.0042390308009488
"26",6.35116015397192e-05,0.000135542456753508,0.000179095405582976
"27",4.88352501259865e-05,0.000128981407371481,0.000827609563804714
"28",9.39496452803235e-06,0.00194280486313926,0.00010698707050952
"29",0.00244881574016435,0.000128295660898119,0.0115666290117666
"30",0.0330494916929921,8.57702593428979e-06,0.000418852404845133
"31",0.265801183837421,2.79321618340171e-05,0.00026892180925071
"32",0.0056948688011237,0.000149410777009501,0.000631015881773247
"33",8.92254108173579e-06,6.9142046139044e-09,0.711196178043914
"34",6.30507576263578e-06,5.52842363605827e-05,0.000563734587697484
"35",3.14832695432213e-05,5.6236033265503e-05,0.621733982637509
"36",1.40904841245279e-05,0.000202710502800372,0.522459426851081
"37",0.00507337643362152,0.00454528786678183,0.00223256644211983
"38",0.00486967088890256,2.1559804468511e-08,0.00355130153607592
"39",0.00256498681880507,1.00796712926631e-07,0.00018780700869334
"40",0.00103819367358571,0,0.00201579067939707
"41",0.00015076742263081,0.00679994235869047,0.00142373420088267
"42",0.000150132290142977,2.99463409691086e-06,0.000750791213803576
"43",0.036230440281592,8.01577759213385e-05,9.21971914328806e-05
"44",7.27625159003785e-06,0.000249694759604586,0.00124122372566294
"45",4.19565154168522e-07,1.5896088158137e-07,0.000355014896924309
"46",3.08720688949226e-05,4.26244055829026e-07,6.71890428673184e-05
"47",0.00103782427842586,1.22153324595933e-05,0.00715493400661194
"48",0.00264210631703238,0.000331561276854766,0.000847506602868552
"49",6.20917277218821e-05,0.000110046195785576,2.19386577009968e-05
"50",0.000123622478360245,7.05810666295976e-07,1.57030451133716e-05
"51",9.97435348639469e-05,7.34846133085881e-05,5.75515805845161e-05
"52",0.00112911092179932,0.000837651237659908,0.000378690771024547
"53",0.464426559243572,0.000351391508051456,0.00109875368819501
"54",0.0145966237806028,9.36336053538008e-06,7.33751054439023e-07
"55",0.0099438965647313,4.32930878419567e-06,1.53921442432269e-05
"56",7.21931438301965e-06,1.56794320062316e-05,4.39267970936966e-05
"57",0.00133214576505456,4.0333903384416e-06,0.000486414833474199
"58",0.000227597164218884,0.000112328967140022,0.852202329744197
"59",1.14353144662267e-05,9.8579643656494e-06,0.000134569185861078
"60",2.01552236626101e-05,0.000129770971215199,5.60290169408298e-06
"61",0.0181277270344816,1.8408756330345e-06,4.55914511215602e-05
"62",9.74648818982194e-06,8.61710511442735e-05,0.680792439918542
"63",0.00237828964934201,0.02999386250787,0.000726453969467054
"64",1.09155992154758e-06,0.000565398342737493,0.00420382705822997
"65",0.00338614169531966,0.000124949688478533,0.00353296667688514
"66",2.14878592555035e-05,0,8.26757613545932e-07
"67",0.000948532876988444,3.12286713692981e-05,0.0121105905221702
"68",9.3634974014477e-06,4.20688658531113e-05,0.00135317333947335
"69",5.15607799374221e-06,5.83504975750435e-05,0.0027910292142065
"70",1.47260277134591e-05,0.000552018224414628,1.1432191618714e-05
"71",6.78018247222394e-05,5.86168310610385e-07,0.000163771299427573
"72",1.13947134379821e-05,0.000132844612240749,1.12511763193506
"73",4.44400339551463e-07,0.000130499675563218,0.000278063861383215
"74",0.000121537637788901,9.61669052372388e-05,4.6830216246172e-06
"75",2.52637596827016e-06,0.000732609295517914,5.37261876757579e-05
"76",6.90349088539397e-06,6.1356197753947e-05,0.00115493277796349
"77",0.00108570823199179,8.96841808363856e-05,4.67402868647938e-06
"78",2.18760556036716e-05,1.29698123537865e-05,0.000151568802835937
"79",0.000119863426734558,5.91237658377982e-05,0.779420795837786
"80",0.000587774732181382,3.1014668822252e-05,0.000755288069811435
"81",4.28473649200763e-05,1.84977461770754e-05,0.0124824245823474
"82",0.000274238846840887,0.000478134581985617,0.0090548856954695
"83",0.000127277811911876,1.16215060709057e-07,0.0057131817197246
"84",0.000146690501062347,0.000141851328559803,0.00558874479697181
"85",0.000117364556862134,0.00055450346042763,0.597215890761401
"86",0.00108987748812497,0.000666830186416805,0.298001840281239
"87",0.00106522223418724,5.33090506903965e-06,0.000659292281400095
"88",0.0692600821063327,2.26112021366461e-06,1.64232381404813e-05
"89",1.00670200771936e-06,7.35187585437198e-07,1.14731794970132
"90",1.45111692248432e-06,9.79558324457061e-06,0.000254236688401034
"91",0.000153377807215312,8.84362225076824e-06,0.00103618777897596
"92",1.05854612769904e-05,0.000472269421079638,0.000866181311588381
"93",1.28885100111829e-05,0.000106504755360575,0.000368699714797373
"94",5.63557311389697e-05,2.00299785614054e-05,0.00115311483937744
"95",6.26725697135105e-06,1.39998436999333e-06,0.000319681993732688
"96",4.55817067802457e-05,3.19923578750085e-05,0.00119228432266257
"97",0.000776601397740609,5.86341894184606e-06,0.000521411281644434
"98",0.000102389892371876,4.12059639183268e-10,1.29853128614081
"99",4.97371496825153e-06,7.82000699680899e-08,0.00055211929563192
"100",0,5.34415323120661e-05,1.848121185692e-08
"101",0.000145011232085765,1.11895344162597e-06,4.58831823382139e-06
"102",0.000289499182755989,0.000143414014629619,0.000492057397870064
"103",9.60762122606029e-06,0,0.000198882052675269
"104",0.000104279207416706,0.00181190236523809,6.41921791324984e-05
"105",6.36364426165888e-07,7.3747665322636e-06,0.860718890211912
"106",9.99102644186836e-05,2.51210558984939e-05,0.10093258127558
"107",0.00134174671243988,5.2514920513424e-06,0.000213598693559582
"108",4.20557970194088e-05,1.25357395406917e-06,0.00590842501103955
"109",8.95087187740297e-05,6.18569321910347e-05,0.00123747413856094
"110",1.95666687530106e-06,2.09273450187276e-06,0.000136419128739728
"111",0.000152398783840314,7.76433397156624e-06,1.061271536477
"112",0.000165477445142535,0.000156459441419813,1.13467499501272
"113",1.18130898347381e-05,6.29014447522557e-05,0.000699299060400487
"114",0.000716883132312175,5.04170611456898e-06,0.000140259729525916
"115",8.77730702657056e-06,1.01476805593036e-05,0.00102216977038714
"116",5.86314383775091e-05,0.000963951233840868,0.000357277734846767
"117",1.14476776533065e-05,1.10927833012447e-05,4.90943815840584e-05
"118",2.71573746268995e-05,0.000443833494918637,0.880852820168293
"119",1.19205925210095e-06,0.000117137932412119,0.759418986034036
"120",7.51325276808671e-07,0.00410458000973849,0.688021701654522
"121",0.000812605589699138,7.72141563461974e-06,0.000350477692527966
"122",6.45585083001868e-05,2.2743324381894e-07,0.000137613860559461
"123",0.000971264421762628,0.000921580510610457,0.000192425399507893
"124",6.0749847495803e-05,3.35915798024939e-05,0.000526708899306495
"125",9.29004950934212e-07,6.45928080595958e-05,0.0007316525849633
"126",3.30763104351543e-05,0.00227400649665178,0.000119365269081112
"127",2.65727961705816e-05,0,0.673952437624976
"128",0.000790767400411854,4.78671854865733e-08,0.747328959056792
"129",4.81027927799563e-06,6.39395951173732e-05,0.41595223267684
"130",0.000315048996474795,0.000227941969036501,0.000202148009793923
"131",0.00085114272979056,0.000109339663184446,0.000728977278417869
"132",0.00893747125958227,0.000373840566983832,1.06074477772047
"133",0.00101634121187615,0.000238920022856338,0.000111558850756343
"134",0.00194922822298488,0.00471879935304114,0.692270114553516
"135",0.000547645646394791,0,0.978619574553339
"136",0.000578417208111211,7.40811476519317e-07,0.000817049498065257
"137",1.90086208859411e-05,3.17340075698502e-08,9.57519208059556e-05
"138",7.97990212732659e-06,0,0.000154331899487888
"139",0.00124486695608891,0,2.79910296152178e-05
"140",0.000135878309190828,0,7.83045172752825e-08
"141",0.0717221884830194,0,0.00104290555020445
"142",0.000411555845988233,5.74293712867605e-07,0.00375054807274508
"143",9.27259719689645e-07,2.4031314737799e-06,0.000617126946636541
"144",0.00141236674130619,4.17504446297204e-09,0.59103472496675
"145",4.18238773010623e-05,0.000131123778847296,0.000225838733755044
"146",0.000930186207169516,0.00157821135635686,0.523062287482921
"147",9.76302048742056e-06,0.000150969247139811,0.000940121585831015
"148",0.00016441811390905,0,0.000608691056796283
"149",0.000151752044274919,3.73822844282445e-05,0.646912142037884
"150",0.072340711799012,0.00132988257736356,0.000252226904846259
"151",0.00202564871998437,2.13633237042095e-07,0.000999405029238151
"152",4.3048944924533e-05,7.17909045722123e-07,0.0284422152633758
"153",4.59599362424983e-05,1.10004396507657e-05,0.000355563160671378
"154",0.000898847890282838,4.91868506708967e-05,0.621536459821595
"155",0.00167695645142866,9.24692520992052e-07,0.653667116772034
"156",7.18983724430657e-06,6.79677438425474e-05,0.687341928183376
"157",4.44962855342177e-05,7.27992659764624e-05,0.170629412121197
"158",2.41584632762567e-05,8.00675790865268e-05,0.0025584191954598
"159",5.15179674233026e-05,0.000441419161085542,1.21043425581891
"160",6.78818685184673e-05,7.11860192601872e-05,0.000230759620975043
"161",0.000443211695950029,0.0041938285830179,0.00328753426056752
"162",1.72198146066151e-05,0.00070607675407528,0.000474274229530798
"163",1.1061405969043e-05,0.000568879690326169,2.0007379209669e-11
"164",3.85947218323655e-05,1.00326480143075e-05,0.648981771759739
"165",9.44044628797089e-05,4.97989948570169e-05,0.324472676392009
"166",0.000117848025379754,0,0.00026587513578295
"167",0.000306834442562166,2.47607621643804e-06,0.000615477759641297
"168",0.000332293002551332,3.93752944274867e-07,0.00122522472257089
"169",5.09533379864428e-05,6.6194761090322e-05,0.000131017334520304
"170",9.74387792354719e-06,1.03445532123202e-05,0.437820092931592
"171",0.00102412011870648,4.40286257754423e-07,0.514069391784767
"172",4.62393649194281e-05,0,0.000831433416051383
"173",0.000314456406408335,0.00175992185667323,0.000297100218630149
"174",5.47992218470668e-05,1.13232913311834e-08,0.26301912365521
"175",3.84682267753732e-06,7.66430453023264e-06,0.302045421039
"176",2.13760852679013e-05,1.80230117763187e-05,0.00186009713052687
"177",0.0214720429421995,0.000399418332638771,0.31863366484892
"178",4.87200720813584e-05,8.69319934507903e-06,0.562853952633339
"179",0.000130908153562595,1.59647949060991e-08,0.690244862803933
"180",2.42759592721967e-06,0.000686425971548818,0.0025036849781187
"181",1.83373028033482e-05,6.47184360992315e-06,0.00115224106513009
"182",0.000116599607214525,0.000366405035453504,0.00160502762321479
"183",0.000140535170151297,0.000255485880772493,0.000466520320671998
"184",0.000179494084942282,1.94431988319153e-05,2.53293668711299e-05
"185",0.000137177382681335,3.56632787862388e-08,2.59657847629728e-05
"186",2.26747747014317e-06,4.65243582986836e-07,6.16720006681487e-07
"187",0.00132818662252314,0.000373267755940346,0.000510061579012848
"188",1.53932377840501e-05,7.10918301682955e-06,0.663985982613878
"189",0.0142775309391457,0,0.00870794712856751
"190",0,7.24562716765028e-06,0.00706186307190153
"191",1.96886725849676e-05,0.00144745183130679,0.00129913998209137
"192",0.0381811329042621,0.000704862204110519,8.57010881344588e-05
"193",2.65811001840484e-06,3.17378668271455e-07,0.862790570555371
"194",3.37842903200544e-06,2.64809603667939e-05,0.0035323888823284
"195",4.70004089241694e-06,6.93362955871308e-05,9.24081521691279e-06
"196",5.11023346474052e-06,1.7010116976307e-06,0.000496383630034191
"197",0.000132198808289625,0.000570385798011489,0.000464674563315263
"198",0.000326583742445234,0.00045662583422299,0.499815432639457
"199",8.02966643607993e-05,7.46271787878402e-05,0.271117759898268
"200",6.1356471618074e-05,4.51863081909722e-08,0.00118258467835338
"201",2.77752125866563e-06,8.45316444201451e-08,0.144972322819455
"202",5.76112939446738e-06,0.000650654094834054,7.63381187524284e-07
"203",0.000117071644130076,0,0.000853874778311445
"204",0.0205163211123043,0.000109257482844478,1.2491348183043e-06
"205",0.000789393435447469,0.000715789850596561,0.00210842084938145
"206",2.86941784629061e-05,9.11154909351841e-06,2.63630073631926e-05
"207",0.0266083029045417,7.13503083444726e-07,0.00172459121001389
"208",1.59969367972572e-05,2.36538508413239e-06,0.000505715640277138
"209",9.07941670450533e-05,0.00108077098317666,1.31598484954274e-05
"210",9.85624670106995e-05,0.000595731286319364,0.636362170247001
"211",5.70576381028069e-05,6.94059686093388e-07,0.00065221046477116
"212",9.48458413214213e-05,1.46990776163091e-05,0.000242771959362767
"213",7.42878540312955e-05,0,0.00682590477358077
"214",0.0159847853066542,9.33463211798002e-05,0.730252566633161
"215",0.000613551820940609,0.000113651386964855,0.758117321389092
"216",0.00873785088596388,0.000665508952446073,0.000100520807360496
"217",0.0179981168238566,4.96645370651338e-09,1.01377342228131
"218",0.000231874065020176,1.16676449980852e-05,0.000466037936800241
"219",0.000238531391218909,0,0.480599139146954
"220",0.000835619856575637,0,0.000534930221275838
"221",1.05879663777243e-05,0,0.000453836316114549
"222",0.0153742223975029,0.00654959885257216,0.03317740154243
"223",7.29956074351182e-05,0.000753312991543761,0.00659698170524833
"224",2.41103805488991e-05,0.000426108937693981,8.51643940777475e-06
"225",3.69274616028039e-05,0,1.50658028132448e-05
"226",0.000719043953020528,0,0.00159166632496047
"227",1.83588235066329e-05,0.000572831167551513,0.00367313048007049
"228",0.000563921823802025,4.85800848386285e-08,0.00132185527502593
"229",3.33401711699312e-05,2.02894315116153e-05,0.866184318999889
"230",4.2219914092085e-06,6.69054518392e-05,0
"231",2.3413177086588e-09,3.68325830651232e-06,0.000617754279355934
"232",5.09993610082924e-05,0,0.000352834106300363
"233",0.000992905481402299,0.000212502825457675,0.00134388009930026
"234",6.62635497605555e-05,9.3405544038554e-05,0.000171040248891968
"235",2.30635256366538e-05,0,0.783923617932983
"236",9.50323933505599e-06,3.53913727042504e-08,0.000164726322033321
"237",8.99346486410604e-05,0,0.00779373458808177
"238",9.94408881018401e-06,0,0.0104361088234401
"239",0.00030912844835486,8.20495828254386e-05,0.000146214290002526
"240",0.000274886995646949,2.9321179778195e-06,4.68465827755944e-07
"241",0,0.000139928911063266,0.000264458632853203
"242",0.0331565527639411,3.87591721361913e-06,0.000517248530869652
"243",0.000647775379879251,0.000328615840819435,0.482958543364493
"244",3.94549090522228e-05,0,0.00322138222340648
"245",1.73018127635651e-06,2.73932279151276e-05,0.000560338600293631
"246",0,0.000130989547082977,0.00073115395595077
"247",0.00710818850976354,0.000112329838857011,0.164745526108839
"248",5.76666696499693e-05,0.000309136066307565,1.05648308917038
"249",4.82201112562634e-05,2.47246707901054e-06,0.00105559379781713
"250",2.60221357739354e-05,3.5910876691255e-07,0.00202996142853966
"251",3.5090574815893e-05,2.9073962066033e-09,0.848238320997801
"252",6.17248049569837e-05,1.36710331025942e-06,0.000206211652715016
"253",0.000603590729529581,3.0548546725373e-05,0.000585100162646168
"254",7.27563235765463e-05,2.13493739269553e-05,0.51936723706882
"255",4.18028447279088e-06,0.000420473936002325,0.000754186052159034
"256",0.00154963579656091,1.69412843791537e-05,0.00409928320847157
"257",2.17465969015663e-06,0.00328130535819458,0.000813352620236175
"258",0.000147778894958846,0,0.0117950536517489
"259",2.63613828836119e-05,3.47461379189325e-06,0.00282647447456734
"260",2.93184014005522e-05,0,0.801524098791983
"261",5.42443658689409e-05,0.0155366142397037,0.892932881054882
"262",9.12587983646148e-05,7.49100102889689e-05,0.000847187439511566
"263",0.000126590895198446,5.41815981458498e-05,0.00349865997960751
"264",0,0.000558976104340446,0.00102962203795354
"265",9.14733418835565e-05,8.21637112634627e-06,7.07755920806297e-05
"266",7.40612762395331e-06,1.19276547278952e-05,0.367099313786445
"267",0.000347443234854974,0.000353410699984957,0.000558103437775823
"268",0.000669233204900307,3.68070647635379e-05,0.0776922266106239
"269",0.00180975278524326,8.8300698643948e-06,0.61202463489885
"270",0,1.42909402107989e-05,0.00110787708364552
"271",0.00194864825146941,6.3092429100813e-06,0.0008868460806156
"272",5.33739784428753e-05,0.0035440823969197,0.00034606078325027
"273",0.000298304016157021,2.20007926206351e-08,0.510141495944728
"274",0.0010438404445857,0,0.00106459581394658
"275",0.000659700277165905,5.93613069074676e-07,0.0152336229167976
"276",8.57815895025018e-05,7.76032947590021e-06,0.000409266601917359
"277",9.47480321113122e-06,4.62991397003676e-07,0.000164438920453733
"278",0.000875718476699028,4.77503872599492e-06,1.15911623810455
"279",0.000666429404930625,5.20876122817595e-05,0.00208866627891291
"280",6.12364116748044e-05,0.000115775648013378,0.000136679873995839
"281",1.48219772885727e-05,1.84516130045456e-05,0.000970273417522501
"282",0.0654270084036984,0.000235991175830884,7.39172939378678e-07
"283",0.000421011874027397,2.0597521561518e-06,3.61186451043189e-05
"284",0.000424120497379733,9.59473364134664e-06,0.000991501144196268
"285",8.52419222655205e-05,8.93696572895619e-06,0.00334146113687716
"286",0.000448034318792794,0.0159122869953688,0.0017380830069249
"287",0.000148848580834883,4.22556194539009e-05,0.561419701173817
"288",1.40315795745224e-06,0.00013217179474441,0.000382662795941988
"289",3.41149294065407e-07,0.000251799980279516,0.00194728248596435
"290",7.20014024243293e-06,4.20339063373862e-06,0.399144960587511
"291",1.1577440918501e-05,6.08704241434462e-07,0.934526050150863
"292",0.00974510620398203,5.55740839926854e-05,0.0019275845023796
"293",0.00130958816251961,0.000954442590286812,0.000118382913895701
"294",0.00214390839770932,0.000294575423128575,0.00016753815686486
"295",7.80475458248931e-05,2.30445277763544e-05,0.000386824215407874
"296",6.65059318954017e-05,7.67893636466313e-05,0.00186240449382244
"297",0.000161773346455144,0.000571035777543328,0.955040639294654
"298",1.67936858911585e-05,5.3005031009741e-06,0.000967623017065766
"299",0.00647985223471096,4.92450496393273e-06,0.000146350784768746
"300",0.000165016691603898,0,0.889296912180075
"301",0.000388906430097916,3.41181480118925e-06,0.00356124977017723
"302",8.08749691179547e-05,8.31929443859158e-06,0.00258455554824352
"303",7.92674299881957e-06,3.1713228434904e-06,0.00308836497499076
"304",0,0.00579641981518035,1.28841207064644
"305",0.00023016452324999,0.000962013141278104,0.674591122302884
"306",1.30057656257912e-08,1.72619022119081e-06,0.000238214702039993
"307",4.3259094097145e-05,0.000671846036326367,7.28113443687436e-05
"308",0.000542957496880895,4.43864397949019e-06,0.000676761762274589
"309",0.000139951848079694,0.000403462557189213,1.08602633091646
"310",0.00609997149355716,4.37850987817147e-07,0.0112705675898214
"311",0.000116155906342046,1.01010006700129e-06,0.00114111141821646
"312",0.00684909639989515,5.6558449238905e-08,0.0120749672466802
"313",0.00883681429199915,3.17501522386462e-06,4.00972737326952e-05
"314",5.38437951619903e-06,0,0.000598970282807693
"315",0.000104367504873775,6.58058443286208e-06,0.00290880834209287
"316",2.22418037934704e-05,4.62345044103991e-05,0.00094073196395641
"317",9.93504639643787e-06,4.44611430915453e-05,0.0435902003635191
"318",6.73279266531536e-07,5.91445029008493e-06,0.000901120720252698
"319",2.14105759325817e-05,1.9738878495187e-05,0.257163517046259
"320",0.000213482104927137,0,0.000422535985699858
"321",0.00649976014435381,8.56366774705319e-05,0.86652584028383
"322",0.155784662346477,0.000609807346567026,0.000336182377726021
"323",2.42032408385472e-06,0.000242524238061666,5.76499549265124e-05
"324",1.33328376610433e-05,0,0.0439390688417746
"325",0.000240105343909788,0.000296798463428801,0.000109919540687856
"326",0.00083231607535497,0.000125579289646657,1.66591651305634e-05
"327",0.182600767689566,2.96773623429826e-05,0.0019707638952133
"328",0.000854682645761977,0.00120345583713921,0.000735314522416873
"329",0.000651083319698286,0.000359006380514333,0.0051704611639983
"330",0.000640451311465105,0,0.0761313366890608
"331",3.04314862931411e-06,8.16725897887657e-06,0.00671010570658293
"332",1.81217254418092e-06,2.97839225371146e-05,0.00221278898091988
"333",4.40588481786911e-05,1.93563998490179e-05,0.00187153414541658
"334",0.0114053467963913,2.06786937522588e-05,0.000311724612121357
"335",0.000722969490618161,8.42224547087678e-05,0.000431961073075721
"336",0.164262004519732,0.00067087509855667,0.000361903802401153
"337",0.0189895229496484,1.59818996304185e-06,4.50297387196475e-05
"338",3.26088280988708e-05,9.88927760310372e-06,0.00153780446723202
"339",0.0200043479975031,1.43066985577322e-06,0.715477524043435
"340",1.50140303086951e-07,0.000124380735019361,5.83467546818892e-05
"341",0.000218094901283359,2.90169351698535e-05,1.82673993935722e-06
"342",0.0257188996165378,1.08793813372763e-05,0.000337007078242779
"343",2.32377246244354e-05,1.04579376787472e-05,3.1744398927445e-06
"344",2.32648787034063e-05,7.53376495656334e-07,0.724143197126127
"345",0.000900866471821434,1.88178115188115e-06,8.96945619764195e-05
"346",0.00067127990402427,0.000353137228743251,0.001306142867986
"347",0.00126838208746381,0.000408233200118197,0.00210792369317147
"348",1.44892772810669e-05,7.37453183706235e-05,7.34307039535988e-07
"349",6.28171848724421e-05,0.000137507469964283,4.81027441371501e-05
"350",0.000623354816136581,6.48062123136781e-05,0.881432066221925
"351",7.54369876508745e-05,2.59291132181723e-05,6.67882163886174e-06
"352",0,0.000111481088691724,0.0129467567271199
"353",1.92935050718304e-05,9.55192813450969e-07,5.1919103756774e-05
"354",6.07868858698825e-05,0.0316481013726055,0.00115600103525937
"355",0.0343659293980222,0.000391665456302777,0.000354521410252685
"356",0.0149744614447097,0.00394981609433506,1.23272503271929
"357",0.0224488696722904,0.000538388879355555,0.00519214050952322
"358",0,1.308803575366e-06,1.15555298133304
"359",6.21705487056936e-05,2.43247431640649e-07,2.7989704763588e-05
"360",0.000912773561958756,3.33406166930379e-06,0.000145886731757017
"361",0.00173353138006574,4.41093291132974e-05,1.58797582717339e-05
"362",8.36467879078805e-07,0.000392035058944351,2.72302619546158e-06
"363",0.000581619684634497,1.87923366842921e-06,0.00185806216025017
"364",3.76634375462479e-05,0.000123909768652687,0.00159039748993285
"365",0.0140960344581712,0.00073542893449966,0.000785838418175779
"366",9.68581042286763e-05,0.000128067030492606,0.000737702141093654
