"","JEC","JSC","TCG"
"1",170194.04163462,39978.6815420653,9527.79164007295
"2",2621.33816161272,25023.5313927274,44936.4494737467
"3",494.108132591587,2212.12253158621,108714.770433863
"4",25743.5749346538,263.569647050163,90986.1734058011
"5",28510.8555483724,23550.5140565819,63876.6084801618
"6",1739.92694897364,2217.10471660624,2681.33042510005
"7",4052.38667907886,3743.26998910566,1700.48380994133
"8",370.572252452658,18436.5995244294,192.746763747789
"9",184.66747480596,15840.3168291974,26312.9215845621
"10",51.8129632915582,1189.82296394213,3415.03846765596
"11",2934.61090213667,11310.4179244435,3677.96988256736
"12",24156.9606464464,2529.7198389999,3237.23321377863
"13",3256.51042184268,35091.4928099794,3047.4395766465
"14",5125.6490301796,2967.84261707415,35965.0103718013
"15",2525.14588002624,3722.50315134543,8486.82955343682
"16",4495.01523976882,28542.8122539525,2391.21963381643
"17",157192.150510658,25416.6937865464,16461.6781577947
"18",7920.21190179055,50795.9373783042,225338.651636944
"19",71214.750527175,2406.27749042702,73521.0170989735
"20",60447.4031825038,51653.7959661863,40294.6966675628
"21",14404.8554589638,14769.4004806877,40754.1105360749
"22",25686.3768134073,12688.2455194729,87981.1986379693
"23",43331.9049774886,6514.4033062955,16566.6425395746
"24",5750.22862632519,8252.95787073226,17548.0163835287
"25",25244.7280204624,9730.89836211776,30400.3980858399
"26",1396.6858049415,58599.290153962,17920.633855099
"27",1294.90886262556,101085.16938127,6775.90369868242
"28",32504.4318584546,9617.27896407255,37154.7799744491
"29",4360.94744466059,11608.6052229998,72231.7352310026
"30",12274.9625747635,4087.61184257832,5020.30431676794
"31",6620.19547678772,4830.91518022873,115.277239906799
"32",3002.47620377163,10504.0270223266,555.045641842331
"33",888.46699595494,2849.74658240971,6170.56938166209
"34",21669.4244431083,6723.5208841158,1764.57836366874
"35",34481.9319004144,23759.3432441275,601.369130165087
"36",20838.186396214,8942.06614340724,1783.61890585069
"37",23268.4879576246,22157.1512382718,37798.1279455668
"38",12.147137187981,292.18081781657,2421.38617332423
"39",5712.72714493407,3574.27215784859,8442.24317752997
"40",493.347156082891,7157.26430145101,9876.92531164508
"41",24099.1491249086,2717.9416462278,6111.6408372414
"42",10219.7211062174,17292.929494349,981.107866967336
"43",213.322569948325,3231.62459225874,566.466539317908
"44",2699.54191327074,56.653728953275,2402.4053695716
"45",1269.7761717245,2767.80012511294,740.972608324138
"46",715.797250321709,981.162188951546,267.569522452111
"47",9482.70011696672,3143.010387501,10360.0776877477
"48",1911.02073074724,8406.12741994797,4996.59565365295
"49",9962.12124426422,3933.63437104016,12774.7822667688
"50",605.276507311741,6623.81199145487,3650.14322158751
"51",4922.89923871703,4395.13912493954,724.935334300948
"52",19067.6556384796,26168.3273410478,13143.1528033909
"53",10564.7910717655,7589.73816744319,14331.4156551176
"54",4085.33757071973,28349.7684307101,4629.17545014451
"55",73466.2325562167,30907.8038002046,33238.8796366582
"56",10958.0389934599,10250.1857297954,8959.15926001846
"57",107796.8880441,4713.84334062792,1473.65586442822
"58",18488.1049253734,346.834255292073,7973.90857390704
"59",22886.3049602892,10616.6944697404,4615.07027178617
"60",19540.0689470252,58008.0378310906,12184.2072063061
"61",29657.8169888588,1943.38126189544,1320.17731917949
"62",26549.3788599669,12369.7855986471,4544.20101229924
"63",5858.58651000838,221588.375324668,12749.1826208163
"64",2172.23698656792,24867.1374578705,818.865618693069
"65",18121.902343339,50314.4631332325,25406.8194062674
"66",59185.3976569859,11276.7650106435,2657.38013490302
"67",18362.5311410953,19444.5456603948,23776.4181954827
"68",419466.210492589,14274.2326085503,9675.68155598309
"69",6694.24497331489,39669.1522301224,44583.089027675
"70",22057.977336388,1780.31588965507,11259.5667151695
"71",20538.1225769646,5348.83056526453,5181.60624870408
"72",2377.63408032571,4137.94306336905,68344.5801089343
"73",1301.43574856684,4714.26762635838,20245.178896841
"74",7449.01261837039,138.715770716985,34386.9400511393
"75",5431.88809231535,2188.06812775496,67796.6599459846
"76",667.126527801756,762.166939548396,15170.4246565012
"77",12010.3026134097,1358.13496823619,6460.6229645939
"78",125.35510045245,2327.83855911234,567.168426301785
"79",3497.46581525001,1137.71621479909,10417.7678087207
"80",13438.0659360645,565.09516572912,56276.5914130653
"81",5160.16143209439,2040.59554116389,21976.2285787046
"82",87345.0899542298,2800.09778908021,960.882974574197
"83",1278.89181283277,1651.01358644658,2043.27751672892
"84",483.967131303431,2667.00354840565,19176.592757404
"85",136.847762786096,421.607934585499,4462.41868170589
"86",4613.30227667554,6679.75688238447,7692.03301540773
"87",77146.4209068493,12864.043031161,15291.3970396417
"88",10555.4699949085,8916.51140490968,20895.9126191506
"89",8778.41348099714,932.570433774449,38286.8289015318
"90",6924.31819286589,22594.0653756086,6755.48672488638
"91",6306.47922603375,4226.21140710875,200717.001540427
"92",22529.5294126863,4787.01443346647,11066.8937893943
"93",11868.4643695296,3229.88965421045,19129.9573394774
"94",27104.4288784838,5314.48898006766,10689.0257551373
"95",2153.48960350758,859.370596442403,2363.47274162538
"96",759.308033135836,7550.90005178661,125.929143740606
"97",4339.85831061424,637.032769535682,48.7660535200574
"98",37932.9225219351,1023.43973634888,3674.77955240964
"99",25261.0437898481,225.558842507257,6084.84859236373
"100",4963.99097725874,8739.23845554163,1998.87814669958
"101",19375.6111148204,3998.33334385577,8066.26060469505
"102",3773.52042460389,17504.4937271309,1010.76624457658
"103",4746.28920306059,1098.11898550217,14536.1593164549
"104",6442.71311508324,4552.07636388315,1446.38448323385
"105",8774.10249182885,4011.95474602174,27426.9772217742
"106",62803.2017970319,11274.4780928596,2879.30956809913
"107",187336.582505771,3076.22495489465,22947.5927016024
"108",1324.1450521897,49593.0881055884,744.524576919301
"109",3271.29487399149,454.089544789049,8280.80224903941
"110",8867.06160149558,368.102409314212,7725.31967689239
"111",13626.6498694432,4687.50742554007,32576.8080427258
"112",9296.10303422216,14076.8556351718,19711.8214942098
"113",4547.11534045431,299.091834037435,22324.5244707157
"114",8243.15051657463,1949.55275272531,17537.5035854718
"115",5522.47586155284,2977.32241867267,741.18221871185
"116",6806.23666241842,21679.290407816,24186.99746856
"117",3084.192211099,3476.21895409909,522.136617259874
"118",29017.135406124,40009.0032763946,15237.7292862533
"119",48159.7758499003,54048.9253616795,1370.91042816776
"120",3634.31480871141,4807.35137183337,1253.20431331101
"121",20897.7217137843,4195.03161989973,5752.97038860415
"122",6438.66041394926,6641.19523753215,4947.44757621356
"123",36988.9700686328,2911.29018613807,3521.6190589256
"124",15135.3159138694,74.2848689702582,11428.5684726996
"125",5938.40439251413,1014.59210499166,1545.21496944766
"126",3851.50419424568,1477.55967645711,2130.11572760516
"127",28814.8360066325,762.484098662024,6892.0985924771
"128",19718.3261341591,1374.96989127179,3161.38422115677
"129",28381.3493042847,4051.48373385268,130.684498016626
"130",8195.90944365167,8929.25020493577,7538.68901197913
"131",11411.0919435949,675.041240833058,3560.43126191591
"132",4766.49005026852,189.935785312408,11403.137275975
"133",20438.3465383504,10874.8534216625,22463.7186089078
"134",14740.0850269692,44050.3603561604,21481.3564698547
"135",1142.0585181841,8541.20989972944,2658.9927439599
"136",2520.26582454224,2428.710202266,660.149663526603
"137",21903.8027237368,1644.89566614652,100.402719358176
"138",21193.0777431399,2540.72769243078,1352.10119132649
"139",20906.9904185678,4361.61945810349,1004.31701736274
"140",11532.7711712734,456.308560966116,4937.60531930744
"141",49708.8208006835,598.475254866633,2101.44165283777
"142",4881.2989133201,123.611186813588,21733.331409943
"143",3511.15830352115,257.762436889986,11887.0265848709
"144",15317.2986742503,227.033037550514,5149.04852153865
"145",873.683761766616,623.027085817354,1962.11032523073
"146",66736.8143154981,1998.98310190828,12021.6248486893
"147",42002.2039359677,333.068045598753,10905.9693826285
"148",42014.0168414178,325.324178008221,1023.33196232661
"149",15900.7167223312,1312.81382696093,884.658706319721
"150",32129.3191705809,1342.3654820322,182.557036244729
"151",30658.1134142765,8311.06545290166,3791.4826652079
"152",17915.4857573457,8945.54539757078,8849.06381891553
"153",4824.5320644087,15243.4402290294,5369.9733381004
"154",3686.9749375938,1464.08820037891,1632.99339156761
"155",2991.85476829252,57.393893705503,1696.54994084944
"156",1338.39960865729,1588.37909619805,18229.9604032519
"157",4151.86216824769,1616.71895571656,78.8868888781508
"158",2712.50417460099,1910.58480186034,1615.23458978588
"159",5436.46058339303,27.9011149894965,25132.509209809
"160",4901.05382892497,44.7533357481494,2281.09441926892
"161",23832.9323168335,17314.5831856914,20522.1489100449
"162",6674.16007932475,1137.49638792512,2504.8731708416
"163",46756.7103926984,180.581365931074,7206.52649217615
"164",7241.08096320082,2072.29651966996,2448.45188760805
"165",15982.4730329668,7957.63078502081,2566.19079714531
"166",15472.1555274842,4714.52918500527,1839.18537910237
"167",1485.68058993634,5040.74785340539,5633.51582842186
"168",4206.60608712366,1789.02809299567,4836.44936815376
"169",7631.56007075608,1532.25108177968,4695.08117400764
"170",16605.101754663,1327.08059182976,157.54159579122
"171",16998.037405723,647.852082656031,2338.87049650548
"172",13078.4937106131,501.294340237267,3784.47651646777
"173",62609.2589314831,146.731395214418,3102.35051771257
"174",1856.49754578478,662.513521928528,302.927507298818
"175",7426.21778460417,9706.22406642,179.65806226732
"176",10974.5457302162,2564.5024552858,2294.02187127343
"177",6850.43574165043,2255.7802147041,3114.64445493184
"178",28755.6901752928,234.540246998976,50.877559763237
"179",17757.9847935625,599.167534100442,3976.11082999503
"180",16088.0424472343,5466.14990619632,9297.05195021399
"181",10136.237345663,524.187698307727,11535.6666186735
"182",11462.6297837295,305.1784254746,749.634844793662
"183",4677.17283866726,386.386834357974,673.259781192382
"184",2702.33619215462,548.362995250348,1770.77961430278
"185",3037.12371151174,17.8479918008753,2592.2733848165
"186",3974.6476714389,1959.63174045061,6595.34284583457
"187",7012.92348671764,1199.67237024208,7664.59982072307
"188",2548.71437113732,10891.2765060699,6808.96229563344
"189",7166.89113023497,1311.30945249551,1054.53041306471
"190",5542.09119894659,322.671875873798,14729.3056864446
"191",100.346473565526,392.389046704364,1294.4436638938
"192",509.014582711761,568.822575744192,2176.93173535923
"193",9850.08006668297,3755.73395606881,3.93450760939095
"194",3718.73519982096,3199.66354548034,71.8479405971338
"195",29.5375101571175,2167.39887511671,1105.87651179634
"196",4684.82053753318,3732.21379390679,2758.3202935787
"197",4561.89602121066,2571.99673917503,756.435046407172
"198",13173.3077276698,705.763583980069,7126.73702468786
"199",2580.49576999503,473.061482761611,6574.15317981828
"200",2169.16393492212,897.499211863945,358.573445677041
"201",4628.91913512278,252.913104923057,3988.5494478246
"202",3016.51108040913,1199.63899652814,49.1574567991457
"203",3804.83982182051,2296.18757994592,385.920841460787
"204",6915.10846470312,5319.94583071193,2085.84743028035
"205",8629.73141456494,533.67917793955,1260.14074446094
"206",3209.60809358685,1131.70823956413,10809.9476899167
"207",10413.2956420689,3229.7931462534,3668.3217178218
"208",6310.09296603372,455.287215120685,1080.5373532704
"209",9400.55469095907,150.190057936717,712.451753364613
"210",6699.30880166111,1062.38863616835,1322.62782691131
"211",7863.17665334784,3820.19128814534,1251.43384585933
"212",45048.2872816591,621.809548805655,535.20239690838
"213",571.147559364304,4970.70277429778,2289.71129257436
"214",1498.4834426433,2496.06175301486,3934.30561078121
"215",21250.0487048386,60.5442086503096,3257.5267165726
"216",1609.21022134238,642.241368966012,13241.1607975768
"217",33383.1982356555,1352.32634537272,4489.79858990513
"218",41409.652559845,3218.41375498922,4350.69461335276
"219",6273.32385378962,1358.04913260155,1018.02620861293
"220",562.144760751535,206.26946061334,2103.83981833358
"221",149.335743396034,717.104245218282,1381.9605212844
"222",3463.77597044438,3.04487646622543,190.317594357669
"223",5597.25490998054,1000.3849895619,18844.3158432878
"224",4851.1850447688,34894.8383806996,12588.9725039787
"225",5377.70254772802,3538.83661681723,8200.37877722869
"226",6173.60023995688,115.859841420409,31904.3253626733
"227",8394.96513813405,632.04150249214,30165.2019791476
"228",1153.05248272655,40.6582021459633,16756.5473869277
"229",1137.7917899724,85.6608608721635,4492.55892635378
"230",4805.84607097868,559.407773224799,6212.06886608232
"231",728.698699904309,5489.7007304242,1394.52662103379
"232",44163.83381226,5678.74260123541,151.332228346601
"233",8669.93877524619,6730.2726277493,1991.92421260052
"234",598.953640059491,1647.43898925745,1635.61847730054
"235",98.1530962203135,475.562788232391,2186.53539663309
"236",2877.22950305723,183.069667182583,1353.23133065228
"237",15262.4285703303,329.178511254942,16093.5335702383
"238",13967.117224883,207.143942665968,5910.49561024604
"239",1362.56122695183,457.852603075912,1050.99044534425
"240",841.105769794301,78.3560808912137,853.078244101426
"241",1097.70839206767,763.087885229443,6928.34423468923
"242",766.59140048959,26.3170636376636,95.4615443591219
"243",7434.31492802019,7843.31775163737,7232.90657325943
"244",3865.02172251628,1664.0935104007,3464.09762976529
"245",10587.7302657912,621.314823713487,2534.44446518537
"246",1930.26789605151,2517.9713560103,655.528729781825
"247",3600.54699837193,3850.27148614942,16438.5229691112
"248",2248.24099630206,268.037286331457,8383.77643151922
"249",2607.31720487836,140.818227231609,12047.1663157188
"250",7014.54466831634,476.888551168512,2686.72539796952
"251",21628.6515859541,109.1978490476,2370.47666023724
"252",60665.7630792083,44092.6146114857,5309.32967221259
"253",17817.3852606377,15776.4631756012,885.508359573846
"254",3807.07442791561,2302.45198174074,153.916460120666
"255",14690.5809433721,1426.32432442081,24505.9151003556
"256",28109.4522244466,312.29244317278,7482.67671017258
"257",595876.620508769,915.773911848482,10344.2669483467
"258",1382.19200885933,843.94837733837,4449.21395249899
"259",3988.56936076233,1553.75380884663,1690.38878049005
"260",938.111342787434,3196.65702332978,8415.8492752507
"261",1167.45596271713,1300.90462192942,2647.84152930792
"262",53036.3355796306,12497.5944245076,2360.76002001601
"263",15811.6015722941,16467.2907154413,6795.13846268217
"264",102507.744961609,3453.70132086733,991.824948936639
"265",11241.1141758596,1577.57678826074,3.65225334921744
"266",15423.4129696579,66708.2024092057,92.6161204686434
"267",6282.91269000413,4862.5753578701,6093.90925277129
"268",8653.09921352399,4543.82290533605,2006.75067492865
"269",11379.5986482788,435.049223278157,2650.32659595997
"270",5168.4903712624,5690.74628271806,2777.64867573913
"271",446.499024256149,361.124320959474,2206.39410887334
"272",836.52192162308,748.332107516884,3891.90326592472
"273",822.170560775988,60.8116451259527,858.487776306567
"274",493.289438062762,9566.22259155956,16926.5421680189
"275",1041.25452773845,21675.4328174067,14166.5953190499
"276",26177.191370524,20990.9300782559,31597.8427675707
"277",108.574991586491,2119.01175723835,47379.302057831
"278",25134.9847796988,76.2087621797859,4541.22349254161
"279",39151.167360643,62.9659493380482,1505.13384640231
"280",16187.818246921,6499.87346623912,1539.39418821421
"281",9625.17898688511,46425.1606397993,3111.9682955318
"282",1977.98254978972,3129.55380227508,460.291827390417
"283",13177.0861183133,773.508503888595,1100.85286938104
"284",50655.6027463476,1721.90665920287,2063.57848316624
"285",17906.4643932609,8932.79049514178,1480.41154033336
"286",59764.4363130825,3140.91577837201,5048.70873512173
"287",27888.6619745056,10815.0108513561,15470.8272232874
"288",36668.4082025395,9888.81653428441,35835.1057409491
"289",2596.21646969184,52354.6036302369,24763.8592756593
"290",5774.65674556076,256.795367892914,1104.90812641056
"291",43144.6631642368,480.385958408547,8051.78468537014
"292",28113.4373981873,9276.59271074343,21367.3128133854
"293",22468.9809415812,5911.9825547571,4823.38674572117
"294",3836.82449219173,14317.6840043121,3188.17920608256
"295",9137.96114779358,1330.8390290415,4811.51545226043
"296",25677.5648246402,117.801318737884,2411.60439885008
"297",2808.34145848808,998.709171760423,298.789965797695
"298",7358.65902780117,253.483895649029,2984.36553967891
"299",124845.269763954,111.726518726831,1217.31652069296
"300",3971.81120966233,492.715445883112,13122.6233990009
"301",1295.77249122288,16914.9531371568,23763.4702599599
"302",293.455264876707,32683.0218119204,9094.43249159307
"303",810.615718242375,4279.30499358777,27613.4403327503
"304",2010.52418425846,19416.2068524359,21781.8241821459
"305",2629.24063381106,2101.60019246788,17529.3719891517
"306",839.576300171845,1350.44116380796,6472.39756665978
"307",12983.3593240468,8270.00800265648,5238.67836667533
"308",49960.8821401364,14541.8206773533,15097.7222377194
"309",1522.78541030636,3671.06018272828,11721.6013828593
"310",7513.048873908,2953.26054486722,31533.9922203575
"311",6169.03832176163,2362.71163104194,61289.4540305495
"312",5260.16494373303,478.651914305702,1772.19566430901
"313",12234.7054242929,5997.33148120992,2419.04413334531
"314",11714.4679771196,134.365322685031,7596.68757368313
"315",30286.4184324883,1908.43417821122,3948.69565016318
"316",131424.988953158,6200.7738384997,16390.5874783878
"317",39361.3148388092,15617.2329136405,42488.8100430996
"318",484.088371014248,57692.2942572731,3366.87234362332
"319",2044.99525771571,153.159054608391,2777.97668853991
"320",2052.36772544947,2559.51119693135,3101.6005387986
"321",1071.73514277727,100.199674984533,12621.1790004523
"322",5472.03845541232,160.840678136189,40140.7196186336
"323",5143.77486055408,863.959107916475,49316.7217168999
"324",1580.33938069206,303.237677623662,22001.1806262997
"325",786.210925488927,87.439458529265,111547.031904343
"326",2881.72018220267,1203.08182844344,223.112194021885
"327",20920.0040134156,2220.89452607689,7672.71905194383
"328",126188.477751824,12461.7236003623,35631.0591233599
"329",10001.8524095478,1224.33831974118,9845.77255309258
"330",51149.1338580264,1133.62538793412,8081.19455637196
"331",1773.35509030997,2352.97191446209,4284.22621138157
"332",6001.58339052835,53662.5807945968,10786.5928368452
"333",2546.21818651218,9604.45885636819,5492.41029251279
"334",3464.14342652442,1361.72868637171,70661.9672827884
"335",3179.24293638272,1239.8751527835,36106.2915358081
"336",7004.81872656242,1784.67122030027,38368.3408712523
"337",1126.23171219841,1772.33009093907,8710.20623952546
"338",3721.39481905892,1219.18276541467,37739.1004735186
"339",43699.838475869,3666.99322510193,53616.0369967051
"340",248.047855813462,87809.8161011368,11869.8489904613
"341",19834.9667585966,22250.3268101836,5468.74972230797
"342",4945.57511493126,6979.5984555901,7711.08541068554
"343",2146.56420938902,2931.39515671907,653.300344706761
"344",6323.65544886398,10489.2021333005,1203.75278573313
"345",7482.99119524587,11762.5882708057,464.426932873676
"346",4468.89804007429,8679.12074521805,11027.7467758765
"347",2301.19875856769,186.250525443067,2126.27237233303
"348",15905.4114422735,328.478579903367,1609.33175748495
"349",1116.87230087718,607.767579068885,2276.10246746463
"350",8653.42159604379,452.454281382314,7198.38806143214
"351",4302.41610247554,3079.47148876674,5855.07634789039
"352",1255.55468563271,3785.48612025538,20797.3760517819
"353",2648.76189631442,2165.71330688519,23073.2201106667
"354",11421.1314796403,19237.9880600198,42013.2658236406
"355",28123.6763737143,37227.0666448554,19871.9160244528
"356",4427.33841478532,62742.5601330767,9584.86166794096
"357",2787.71325687785,6544.21699589518,9225.87792468882
"358",11390.7372969164,919.14278282542,20960.5390242942
"359",9035.83504139624,306.120039026832,2967.93706257596
"360",3890.5120255042,24144.7377245267,7927.87928047797
"361",2316.62587575958,114488.393700554,6650.584755525
"362",1392.50305330059,6041.39137286267,4790.04416254284
"363",2995.57437018533,4796.0526963972,1693.13224138558
"364",2513.12934067058,3517.01350763404,489.337734614128
"365",194.100111836679,2053.57954207773,1794.64292672815
"366",40900.5916269222,2203.39702762187,2638.24938695522
