"","JEC","JSC","TCG"
"1",5.97269960046701,4.80239141517912,6.1249520227632
"2",3.49454792171456,3.41449206371807,4.58162880998794
"3",5.9636222793932,2.92720184015511,6.57325344366562
"4",6.76943343965575,3.06050742460044,7.1421796092272
"5",4.17063802503491,4.68955735281125,17.8696120383903
"6",3.9810528954899,2.97747741619049,3.9550134272483
"7",8.32247219641576,4.06932627222736,4.74107251997238
"8",3.28558170371736,2.1710975720133,7.47236381832203
"9",10.9678925923806,3.92302125362198,5.29455204086752
"10",4.69587632918275,8.0639560466153,9.32168967716085
"11",7.4373102700951,3.68624709032731,2.15313430130704
"12",4.82218696923874,3.31228272708449,16.2421825063435
"13",4.0398711839848,3.43374560915357,9.73730232599237
"14",6.07379005661158,3.00442275769166,7.04850697876863
"15",7.61039136771018,4.28633712863453,4.68086143221278
"16",6.32949812034371,4.46147646225968,4.31348441029403
"17",4.30640906510511,5.09252581097883,4.54557303253363
"18",6.20727967933059,3.96306314522021,5.50238935059806
"19",5.14018153408289,2.32186826249246,6.04099035450492
"20",5.03128787247955,3.70859084274352,6.86290894381791
"21",3.13304623611119,4.90928778054328,7.8230220580883
"22",6.90368611447297,3.27794261195818,16.5565696500851
"23",10.591155083721,5.88991340864571,20.8182359693909
"24",9.95063271629204,2.99204268123646,5.27038462048539
"25",19.6779500860719,2.64654213426075,5.53294679959403
"26",6.56498424371625,4.39986168870513,6.40277816941094
"27",4.21307473440475,5.58307683417499,8.78881354885111
"28",5.75865236721718,3.90968427348064,12.0324726405116
"29",6.12132200348669,3.57256179457589,8.50396170193192
"30",11.3551725115211,3.91902990750526,4.12708923750316
"31",4.0752788885382,3.64949970404856,4.47587022559866
"32",11.6454635895628,4.1808959624587,4.7270275316254
"33",9.05908750197636,3.2894844741818,10.6590018957466
"34",6.54400672928865,2.49546113713148,17.191619052418
"35",4.41958957001517,4.13211239291117,14.9480298293386
"36",5.15536868784595,3.65619327578707,23.9239603314621
"37",4.44429182627439,5.14918098271568,6.52903114115017
"38",10.7198225430948,2.99118213118342,5.17730168323822
"39",4.47384130112286,2.15402757881351,3.88522079848846
"40",26.1973407603768,3.1082166955357,4.58523803686117
"41",4.65714763770892,9.09400565199841,4.28631632550572
"42",9.73678770075973,3.27557031516244,4.61968946621923
"43",6.34802401146107,2.92687550097592,19.1632122879875
"44",4.24622033603153,3.53369783701686,7.59014065887324
"45",3.84393077104816,3.11710485900409,4.63314678449773
"46",8.77607195300898,3.39559285647347,12.3956976099689
"47",5.08750545082355,4.36496425523231,16.7085576941118
"48",6.06666660747445,2.7189821306498,9.06591310248329
"49",4.05394028663594,2.94522230897919,7.03081712360647
"50",4.70980383604142,2.79780573786524,4.80303192470883
"51",4.94883403976593,3.08840180989539,5.3256716520916
"52",5.57740864573212,5.05784485752625,4.99204665082317
"53",4.02195595124695,3.44131952827124,4.8681422104881
"54",9.20357040819169,3.8069878924881,16.5371719390807
"55",3.60814468989237,5.1113488315985,5.18018051182108
"56",9.32725397527261,2.61634121377586,5.0688331444265
"57",7.41795689037545,2.75757138047216,15.9331484828623
"58",4.28316853447462,3.71036232758503,25.5464147779616
"59",4.69077019345837,3.14913942904252,4.5809694016604
"60",5.23897597267888,5.67350428250721,7.81849111607253
"61",11.3426213825458,3.23788428988998,15.9192681913286
"62",4.03438686606837,3.64243157344479,3.91144355658853
"63",3.85064633923364,4.67739730383071,15.9832177109898
"64",4.47693775890258,3.85712874336842,6.02546519489148
"65",6.90716954908098,4.53932116694244,5.36349276397827
"66",6.63220864896216,2.74523367458819,4.50242852957663
"67",3.98765381943786,3.91798273253769,9.71050139387515
"68",5.03124102465677,4.44004643204865,4.48098864219475
"69",3.02332054843672,3.5362492232771,6.2873939104933
"70",4.31754648346163,2.95742480648722,5.02137510838132
"71",5.84876723980208,2.93370897862612,5.6489832632517
"72",5.24277358512898,3.8216373458379,8.92732655315802
"73",7.85594940350338,4.22746086704351,6.15661474971631
"74",4.57588830446644,2.80583805997186,5.97936070403431
"75",4.40633091281772,2.57815238586061,8.74024802463616
"76",5.35836151296743,2.98376502688338,7.74867232355062
"77",4.75640968933487,2.21893886273431,6.09680616186684
"78",4.48707830064671,3.26051961296353,4.23662952349525
"79",4.39915769412703,3.28957422528164,16.206238436851
"80",7.22001952228132,2.59307075017422,4.24084764240833
"81",6.6983740776957,3.08601348456263,8.01387048084642
"82",4.60012181128271,2.60568712762493,12.9931426262207
"83",8.98220693948715,2.40511115118019,5.87928273102786
"84",3.0467074562791,3.84265868552303,5.03694976365071
"85",5.11378105793732,2.09592451263138,20.591835286228
"86",7.7336333713055,2.67803914434571,14.4117112109991
"87",6.68225002901678,3.25630639167787,5.64401512674546
"88",5.05699812666247,3.72464699871031,6.79277964494844
"89",5.05879678914668,2.61496880669732,20.5404515067586
"90",6.13233224611453,2.89310624222602,4.04329739170682
"91",7.22289883194104,3.59528585866184,6.39877044754288
"92",5.54180938864104,3.26804924847547,5.49896586917258
"93",5.1734494040743,4.41514250190117,5.76139719415903
"94",5.91075940651189,3.37933869953757,5.78716041606875
"95",4.64513259804056,2.29211613735789,1.18543290271396
"96",3.12317335859299,2.06193450985003,2.77434662780751
"97",7.1671609265719,2.53269013044646,15.94517298385
"98",6.42009980941152,2.79877999171283,15.2409971852162
"99",6.40401374044148,3.18570074630551,4.56743387495402
"100",8.13761413060418,3.14403787108396,5.02950227030505
"101",5.00358285285331,2.77805016500177,4.43455510125817
"102",4.82020752009556,2.99561895446415,9.89342176099272
"103",4.67427624319559,3.4164373443935,3.81626299221261
"104",5.68134955546324,3.38184594970383,4.08219154721513
"105",5.66330381185147,3.45914185057574,11.4275034398526
"106",10.9608594626178,4.15259162056017,3.81784748229832
"107",6.55951408382715,4.17564766841281,5.85290956494142
"108",4.29001908695614,3.70757731864432,5.19209987270205
"109",5.21782778933507,2.54308153731913,5.33992894678594
"110",4.99719471302243,1.98514641095412,15.5076805941605
"111",3.37250874437683,2.70112087225889,19.3855229225493
"112",5.15523635729802,3.3015027328071,17.8556886074704
"113",4.48216228862366,2.72393165571627,6.38644589213393
"114",5.46280891740392,2.49889461934058,5.49615575817123
"115",5.62917328736691,2.93908730545179,4.05830307117288
"116",5.95775850521447,4.22435671310062,18.4295159387255
"117",4.27578411701164,4.61836532952455,4.25258474798076
"118",6.64236883466418,4.54889995304267,4.09396117135799
"119",5.93066081240387,4.45033978637038,4.57531446945464
"120",4.4666458483636,3.63770797734487,18.5725772844706
"121",7.64265649099196,2.69015412345696,4.95918170309219
"122",5.48610057092573,3.12162215850915,3.70638335165631
"123",5.87424142362871,3.1651528361237,3.92598491221289
"124",5.5158447832992,2.86563689693945,6.37918841364855
"125",5.08023258986541,2.48566398604339,4.83619104037324
"126",5.19261458687499,3.18585108179034,3.91887254880789
"127",4.51557734574107,3.18774294347874,4.40201969453085
"128",4.3820769687828,2.18231999574133,3.65419804840216
"129",5.88030260942823,3.35098888155989,16.3872994127056
"130",5.18850974233421,2.47289060616183,4.20422530388657
"131",9.41246629908569,2.74655084568013,6.38005014602478
"132",5.64103571192291,2.1572070875487,17.3715695403659
"133",5.20564888562245,2.48020949371427,5.47233695644279
"134",5.03175664552406,3.23669802242765,16.2556990080068
"135",6.15153098808679,2.54350704182603,16.5607310789048
"136",3.55193686782349,2.70153884221989,16.486705036247
"137",5.73333206699078,2.38944722904688,4.11616783819788
"138",5.41048328016451,2.65717775924557,3.34668397017104
"139",4.16405192830115,4.15628861510699,5.73543138437824
"140",4.40330353188986,2.47230051863728,7.06093921356331
"141",6.50134192115348,1.91777027319894,5.14561584712189
"142",4.50216073904922,2.46694463351326,5.57689724224653
"143",4.40492836928986,2.26047186096405,3.9747371145231
"144",4.44430936085933,8.72550271288247,3.96374184695549
"145",5.02301289662409,2.96117386531673,4.40171126217561
"146",5.4883981286456,4.18850211662424,15.8817672557127
"147",6.07380097678738,3.98655644880514,3.9342791160175
"148",5.23331972302603,2.05676219358138,4.91887411456184
"149",4.8644488762805,6.15177213807342,3.49575895254896
"150",5.10007874247324,6.30699535503777,17.7402057756533
"151",5.5725000520783,15.1028364256672,10.8866952812953
"152",6.72705625220116,3.21386202647326,23.4331525733309
"153",6.97332569069809,3.97153532257607,10.5831092584745
"154",3.54171299365065,2.73132718261795,5.06860102358608
"155",6.34452840916879,3.27383130433641,19.5633781480488
"156",4.92885816257264,2.35762867909253,6.28482062285254
"157",4.6922328589358,2.15209604911344,3.23562427824645
"158",6.22361228104344,2.59773095928589,4.06260864625434
"159",5.22539723303312,2.41282475280682,18.4430381743776
"160",3.46841043258182,2.19878780321522,4.05132678458758
"161",4.86717349332408,5.32147978591081,4.64052719033172
"162",4.16149724381125,2.28910956202836,5.5906268303361
"163",7.78324529642082,2.89126082374012,15.7335475773087
"164",4.81436750975935,2.36220019906919,3.94154329812671
"165",5.19690696834903,2.95969653679552,15.5180829046421
"166",4.86518536349738,2.7366597086022,3.51272739224107
"167",3.09995886149448,3.88608790914556,7.56301198611771
"168",4.9800866420794,3.84025484604565,3.92089915706552
"169",3.92653924479208,2.45817549636311,2.89824171115678
"170",4.50751184763341,2.65067434385659,10.5543866862157
"171",4.48675500381049,3.68469790075368,12.2895936323735
"172",3.95190598277508,3.28273627583802,3.86015364988677
"173",5.102514868056,2.7094458068966,4.8668874816076
"174",4.6093690291619,4.52574962796015,7.51562000936068
"175",4.93283633372789,2.92620802821331,17.5727850221535
"176",6.96383883502042,3.14342078482328,23.4188787534879
"177",8.77180917479151,3.49066576170942,29.6009975507822
"178",6.13177104885922,2.93881590334102,16.1779730351399
"179",6.92441868669553,4.4437979758687,27.0385596248473
"180",4.2378621232646,3.50058289648844,5.01555375085298
"181",5.04171148177121,3.59772213589227,18.9975973346148
"182",5.04232118177772,1.86832282217698,12.5371501097059
"183",3.27128359611583,2.39205460615318,2.40542966890226
"184",4.14785980415955,2.97399889738009,8.57754997111265
"185",4.48766052812633,1.87895643930529,3.4276689093617
"186",4.33784478805248,2.81470153007391,8.69943833182817
"187",4.487810017842,2.40796413875636,5.30290906723005
"188",4.09583022664447,3.24760038843564,19.2243637412751
"189",5.1366564070256,2.42687350713474,5.64288914328142
"190",5.95265826172925,2.68026439664959,5.2393646465783
"191",5.43059152654183,5.6487230747419,29.3256781530531
"192",6.66167098452341,1.7563993218815,17.5263307000743
"193",5.15238626278585,4.13042791118383,17.7650811654651
"194",4.69828498164457,2.03245910434244,6.91870401125655
"195",5.72539017738849,2.49241626978748,4.3366194614813
"196",4.50821715202744,2.93239324590221,6.04259278961984
"197",5.18093861582995,2.52250300772194,16.2198360251067
"198",3.86722575070781,2.53302220067546,3.51249306343573
"199",4.84093771731099,2.38039082574157,11.5442232017256
"200",5.09087588086188,2.90383526988603,3.99834416955281
"201",9.07918413745214,1.93158540983998,14.6123155220332
"202",4.79802761847848,3.37210945399275,2.83961652322626
"203",3.73337545920403,2.1338681817172,5.45847873868787
"204",5.87849427129223,4.01906542282844,4.32255856077903
"205",3.82687520057383,2.45975742118917,4.89831159101855
"206",9.11741206482086,2.56836386728974,18.4015492043848
"207",4.83827605879089,3.41173465036501,4.47896201478651
"208",5.57532337534014,2.55746256929662,5.57630953387683
"209",6.79030898523109,2.85678626320944,10.7068985006834
"210",4.88183414951434,2.38211239137549,20.4472249437645
"211",6.85894246004596,3.06008756765769,21.8350982433016
"212",4.63084198175722,2.61314245227695,3.88817386804701
"213",4.69236398102919,3.2943900530765,7.15779900698184
"214",8.32769107228579,2.83953291369357,9.81168995275081
"215",5.72581406763423,2.11429731845257,6.48136025762309
"216",9.17114150284587,2.06004273762843,3.62449575123315
"217",10.4679022887269,2.95557448068038,3.7207351376698
"218",5.81810067058817,2.81020288417482,8.31779652517619
"219",4.14147180722509,6.39797523079502,11.3375383130522
"220",9.10707898799468,4.29100988797747,9.11308170384305
"221",6.06878166228033,4.87517596338993,3.07242098360218
"222",2.86418978887596,5.57451308071613,24.7885314885614
"223",5.37219965076673,3.49812715917111,8.36254948376072
"224",7.43927693436562,2.57513133860794,18.0518105924545
"225",6.08691855280026,2.59470194365401,16.1234163764358
"226",4.20201715002434,7.54477223017373,4.82474597891473
"227",5.51407624844294,2.46211066241817,10.2507893509021
"228",3.9512269312062,3.25747373817215,3.67940385637607
"229",6.22829743399277,1.66494612959502,17.0095171480692
"230",7.20900769287899,2.35948264741675,17.2282134682627
"231",6.88016007451812,2.80002726619688,5.57291495045436
"232",4.71221212200464,2.36648360672836,5.46376744969324
"233",9.37736434933589,2.48377110500094,10.7855920939513
"234",6.5671972345027,2.32261320911145,8.30270230707658
"235",5.12623911352908,2.5093893687143,17.5419872802614
"236",4.85910857157726,2.57422765095048,3.63023894484031
"237",4.52296254095693,3.01713757839284,6.70649656857255
"238",4.79262375530793,2.62642141736912,18.3773495081194
"239",4.39962719248081,4.90764663499438,2.71913275497931
"240",5.87584102409442,2.07402129459423,6.15099240171849
"241",8.70351787523428,4.59748381723119,5.7936873967171
"242",9.22578670440594,1.63182366392362,4.1715786107331
"243",5.43294679507215,2.76065361033283,35.1404208003431
"244",7.12097427134042,2.52823760949731,9.88453780804131
"245",3.31442132423712,2.60746368004034,17.0707303979895
"246",9.57839290761163,3.02132436323956,21.3872917597647
"247",4.73135929013215,2.48703050258418,16.5482885939375
"248",8.23108086731693,1.85642969328077,19.0688812864164
"249",7.52173794342783,1.6057561841907,4.1799985204578
"250",5.16204834479903,3.18426765640624,3.62457665798133
"251",5.03310884686162,1.71450742754172,14.1121147541434
"252",8.85133943303025,4.3356985924885,4.92321057026811
"253",5.82273211053834,2.3199311496577,3.00221750477147
"254",4.08449553680934,2.4679828664463,3.84081273327485
"255",4.80273869471347,2.40328097752046,4.59883369801881
"256",5.10401986585306,3.36378609086614,3.15865619860264
"257",5.68044135369408,15.6218866063567,13.5350684606616
"258",8.38427050806929,2.10881698016434,11.5987478169071
"259",8.55964204316935,2.44892486339821,17.4525649332511
"260",4.68089875445472,2.10253563857395,16.6966497856576
"261",5.01176582734683,1.81084438270467,15.5923297399711
"262",9.98093581947975,3.71938356137861,15.3497327746069
"263",5.97973465706336,3.36376016093283,30.2013566586575
"264",7.12142156281557,1.99201496023113,5.88937940628039
"265",5.36744601008002,3.04991490108278,5.067264305857
"266",8.25452104735225,5.02943229530531,22.9462791502282
"267",6.41422410749991,3.65919137371969,4.89255750987533
"268",5.67595807217277,3.32130074368965,3.26461816290772
"269",8.90002845326122,3.55833889987505,3.61748388290986
"270",4.11248878321938,3.62100006673105,3.43222310571444
"271",6.19767477439092,2.9688660978975,3.41681287253178
"272",9.21327704762599,15.5656865882513,3.33252748991755
"273",7.78970440817381,4.26832356722632,16.0797999533901
"274",8.78732228281973,2.99927030522329,4.68787395289689
"275",3.03983609517726,2.80673643153188,3.23894087037242
"276",4.47932061527685,4.85036311328041,3.49077817919656
"277",6.16688750395759,2.98144637908168,3.67871225433056
"278",5.64795731484652,2.08620151509075,3.9192210515251
"279",2.71741636471432,1.66696310714461,2.94511427425073
"280",6.59229177349116,4.05360253768017,14.3131245865165
"281",4.99799402804867,4.01802657803816,3.32554424700729
"282",5.59236883830986,1.99174094922831,14.8708408620524
"283",4.67844374075811,1.48347196124293,4.08666223963282
"284",7.84882505275785,3.37354136379817,4.63966614302274
"285",6.2839713662096,2.76261701191397,4.05246937354157
"286",5.10061963677694,7.4477576682966,8.9092465009449
"287",5.49255608929154,2.86164069302011,1.73131954105583
"288",9.06215155885731,4.11928204429136,5.9642443827619
"289",6.89041690708872,4.23088110232087,5.29558208226069
"290",5.30847547374164,2.7350978952932,6.89087956883215
"291",8.56684362662693,2.76263913853446,10.2536873959511
"292",7.99547806059757,5.33673535832735,7.39581412377844
"293",2.71888498808925,2.89081911110885,5.12146039395308
"294",10.6903656574458,3.14220966677886,3.08077345212062
"295",7.00214256571912,2.87991164157544,5.59062767739213
"296",6.7192013059407,2.58140818357342,2.90579309307142
"297",6.50631735857921,2.34456121964406,5.13192524437571
"298",6.29665874364563,3.13959810741663,16.2482567057455
"299",5.31998669995251,1.63032698127915,5.18866347894831
"300",10.4015124299797,4.71664493823256,15.6897487706454
"301",6.44730726535893,3.23474510151465,18.0976016406717
"302",6.34342379712537,4.20770456133675,5.50936637393885
"303",5.70359987535197,2.96586259373298,6.71163503348148
"304",6.67903916778659,3.45277945464857,5.30084349496827
"305",4.95948173870524,2.69788710053032,5.36599997783547
"306",5.18552329301473,2.41689407157961,5.61831997620983
"307",4.3739795106963,3.06312324537557,5.55412499237406
"308",3.88581585052039,2.8432199686343,5.45737453968018
"309",5.03388297361748,3.74105513510894,14.5000037303066
"310",5.09743348731664,2.79405116581089,5.33693264944734
"311",3.54565424207976,3.14007846987392,5.25039919896829
"312",8.53515403417146,2.02274686481772,4.39840856589394
"313",4.80206840733924,2.00698770467119,2.29614888075258
"314",6.21374923735395,2.54845583018234,6.6477684593393
"315",6.04092788680538,2.76210531854931,4.92568834490274
"316",5.11128117121189,3.01202469562281,16.9322554697644
"317",6.36508963482422,4.96451054721809,6.88616236425886
"318",6.55327025858124,3.13441161541673,4.54611974905069
"319",7.66431489616668,1.78015463823646,4.02784899957499
"320",6.07927634218909,2.42782371636161,2.71545615427001
"321",6.10749584922986,1.68479914920846,15.8772638792303
"322",4.44857102475813,2.02196755304252,7.53420646164361
"323",5.1631218938816,2.3470460005954,6.64152009410072
"324",5.54099311072286,1.41890160760225,9.66209932947027
"325",6.31543240506604,1.58305340917018,7.61251214268014
"326",5.5503155684044,3.03049343653047,6.28911263373824
"327",6.54099031705555,2.17011583617044,5.33827399432746
"328",9.04008252284027,3.33298791670762,16.1340887833997
"329",6.25589139850514,2.64175155527475,5.4547383721426
"330",6.24392201734825,10.7056815480079,9.23791802576911
"331",5.24795666109018,4.95761747238064,3.7319415269396
"332",5.22386336709708,3.40083260973622,13.5428149051713
"333",6.49233716985576,2.7284097192709,12.792971429317
"334",6.41562997522996,2.1144917418345,7.90958392360946
"335",7.00407427587677,2.14716157666974,6.48368283173899
"336",5.61340064982584,2.76998817016986,7.74713729884032
"337",7.06999793567855,3.76233211934151,6.26003180891535
"338",5.69173205090625,3.38410256896886,6.46645516616043
"339",10.2712820610157,3.48874703223024,18.5950435472726
"340",7.32270592538867,4.39539281060372,5.64968932290998
"341",8.25007894725368,3.60392227147517,3.91830379917277
"342",6.22737634934663,2.89403671409123,4.11226163632067
"343",3.44280886802184,2.53150145813748,4.12918999088616
"344",5.39388657673074,3.83297790543074,9.71310735992658
"345",3.33279318536456,4.07535135264206,5.27634087807434
"346",5.29590900757488,2.84287230069156,5.22123921484437
"347",5.70706281875938,1.93957601220741,5.66115899957961
"348",4.85682027294824,4.0044231922956,18.1806362235625
"349",7.93353011541103,2.50947213107139,4.55272066179673
"350",4.52350734998995,2.22530794021261,16.5614154958864
"351",2.64451216980829,4.75849624785978,5.29766631779057
"352",3.76566711561807,3.38965516265893,18.3839093831244
"353",6.57252284188488,3.11275950768488,5.31230169780236
"354",4.73547379391015,4.18453817587806,7.19733512912112
"355",4.79989325067923,5.55374946393457,7.84267071996039
"356",7.56308502886169,4.83258102522398,16.6063027647797
"357",7.40054368859054,3.90230937689776,17.0563143274496
"358",4.41828253558213,3.367941797182,22.4919604686688
"359",3.53729792598617,3.13287517120436,3.44341324218244
"360",4.19652408969989,3.20057936920629,4.22283881105397
"361",7.30448980136799,6.2228209995283,5.31907510294779
"362",5.92884416072817,3.20243095923247,5.26164196513007
"363",6.57861843686146,2.55161430170003,19.0178680842935
"364",3.96764036012679,4.27755832066818,6.1779421701523
"365",7.23369543575928,3.99320061200067,22.3659506541832
"366",4.74482173866721,1.69344810373202,9.79578205552122
