"","JEC","JSC","TCG"
"1",0.000281532935889244,0.000805783294247884,0.0393111918587503
"2",8.82594801279803,0.00010592218562712,0.0145724138938205
"3",0.00188916952200093,0.0185876347783074,17.4155353041958
"4",2.18463205387786e-05,5.84555396495062e-05,17.5388531028864
"5",2.56644493133877,3.16395492498435,16.9096042354841
"6",0.000998991649446101,9.67443270633907e-05,2.02449257169275e-05
"7",5.76479395717439,0.000877183617666663,16.0162637937623
"8",0.00596895197579776,8.76307310356324e-05,0.308939764201327
"9",3.04415941934343e-05,0.113919950346323,0.0174507283650057
"10",0.000119975694762092,0,0.0762668300704454
"11",0.0188421530176947,0.000176020928406907,0.00279057150403394
"12",0.00203417298234207,0.00176229781649207,0.911933645571733
"13",0.0119541185772085,2.34070445669541e-05,0.210109499333158
"14",0.000438642481036452,0.000915692455582932,0.14740655610064
"15",0.0180611172137332,0.00011742517958798,0.00259903590330594
"16",0.000722305015352446,0.000150140652507694,0.0551573907013612
"17",0.000277555711763172,0.000786415706459972,0.00150847494931398
"18",0.00150338618325822,0.0447904443461474,0.0853572686273756
"19",0.00181270919079722,6.77677653342228e-06,0.00634979359312835
"20",0.00188021611194402,0.0116840974714177,0.00379413618209879
"21",0.00131826428313429,0.00111115766953178,7.63237660922101
"22",0.00047158625489375,0.00880899160662589,2.50536621329512
"23",10.0475757656981,9.84659788257489e-05,16.2501471922468
"24",0,0.00088945192001193,0.0306901439420922
"25",0.805806905118887,0,5.07408316316482
"26",0.00131650941476311,0.00138176136696976,0.013770926768794
"27",0.00993828516313296,0.000680142413703816,0.0185122518943711
"28",0.000385139887006599,0.017714271860514,0.00361615410317157
"29",0.0188201455357751,0.00163894879948635,0.0592752976577128
"30",9.90764736391158,0.000116840974714387,0.00243034186800146
"31",3.79200547121399,0.000530814390175209,0.0151272638371456
"32",7.36634267092414,0.00117051288468663,0.00942331377217575
"33",0.00135315870659614,5.0074703444185e-08,14.0447069899398
"34",5.85194881316951e-05,0.00117200260711423,0.0138535935488047
"35",0.000656583404170951,0.00102181229719233,13.6546175138269
"36",0.000467451570129513,0.00913119227849778,19.8917250544261
"37",2.50292954840386,2.59501479680546,2.60304836527553
"38",8.59633228789977,8.76307310356596e-07,0.0577811610402478
"39",0.0906175825644479,3.21312680464085e-06,0.0109837949479886
"40",0.0181396983093324,0,0.0261080894772517
"41",0.00397425756286648,1.16840974714177,0.0175157185890651
"42",0.00181405041162383,3.18169658244194e-05,0.0564015076538453
"43",4.84030252736387,0.00133090633272552,0.00560481680408603
"44",9.9552966422406e-05,0.0096761853209546,0.127853581882111
"45",3.65299130320561e-05,4.381536551781e-06,0.0128582636310656
"46",0.000895341005687649,1.46051218393273e-05,0.00547200279591419
"47",0.0120641828470377,0.000136885043926392,0.187466662477677
"48",0.0277564665173229,0.00876473808745284,0.0279159834125725
"49",0.0011262196063543,0.00876307310356324,0.000358110484754092
"50",0.00537294137513163,1.75261462071265e-05,0.000150071439445568
"51",0.0010078743275635,0.00180197993252946,0.00273676742217351
"52",0.00999436335478914,0.00388057503064587,0.00331145246825973
"53",7.27948912940473,0.00264925226066928,0.00566769462517601
"54",0.1809885613557,5.89480243579119e-05,6.52871496365405e-05
"55",3.33942593486515,0.000147790396301336,0.00085655551161737
"56",0.00247711011573584,0.000108643411928228,0.0014102934431217
"57",0.0400537114032931,0.000116840974714177,0.00547876934315834
"58",0.00626917772182489,0.000878314054097055,17.9207899622411
"59",0.00011175049538991,0.00146051218392723,0.00406474609165012
"60",0.000115700143012995,0.00114386730040307,0.000579689737632835
"61",9.29439258500997,1.26188252691205e-05,0.00736860580083239
"62",0.000231797817432418,0.000877370563226282,14.8829671667464
"63",0.0216526427600044,4.21812855138776,0.00446686047273718
"64",2.28896912574063e-05,0.0227975786746238,0.087959387230992
"65",0.314079655855191,0.000966759750931308,0.0375368837080339
"66",0.000113123351598601,0,4.1201159634859e-05
"67",0.0096232671899038,0.000190287211419474,0.364959106021386
"68",0.00188590212422421,0.000129764024671257,0.0418906361455637
"69",0.00012473890891241,0.000701746894133323,0.0191156447922842
"70",0.000132111743647218,0.0087652521877417,0.000145588373912954
"71",0.00189386707781078,5.84204873569614e-06,0.00208101530998124
"72",0.000132362140681837,0.000749017539375985,19.7080091745523
"73",8.95341005688668e-06,0.000980108442822482,0.00281614212192149
"74",0.00153278321294499,0.00175436723533338,9.95831481214265e-05
"75",2.41315718675586e-05,0.0096570818215888,0.123694044488586
"76",8.38193236824024e-05,0.000876774674255184,0.0113506878482721
"77",0.00621317414191913,0.00235098646246763,0.000182386718171136
"78",0.00040879778084693,0.000165687512603249,0.0146510484682664
"79",0.00120816240898285,0.000991191198744092,15.4649087930635
"80",0.00607223851421389,0.000701045848285045,0.00274827967182438
"81",0.00103271616066035,0.000975394298962712,0.37048250539448
"82",0.123321998941733,0.0110298464335055,0.182806627112389
"83",0.00185126675276021,2.33681949428426e-06,0.198803723606279
"84",0.00180178423984583,0.00263847075972753,0.0549934803656966
"85",0.00904492942690201,0.0116851578032633,20.0148004426195
"86",0.0128888157890362,0.0156123202515519,4.86807363782412
"87",0.0215863625754141,0.000184935894777598,0.013500655186605
"88",2.79430637006667,1.79350896186271e-05,0.000241388821499486
"89",2.55351254822336e-05,1.92904449253105e-05,19.6059283874933
"90",2.00287782972337e-05,0.000148166040035067,0.00261486561134934
"91",0.00152542947881824,7.88384476884113e-05,0.0306520121685371
"92",9.9508199372063e-05,0.00876307310356335,0.0219566506011737
"93",0.00022549461675244,0.000585081180881243,0.0121463672330321
"94",0.0044856584384951,0.000585168811612282,0.0109918556592743
"95",8.97489824101311e-05,2.80418339314075e-05,0.00402699660065656
"96",0.0036708712630892,0.00116840974714178,0.020087163029646
"97",0.00650321986071165,9.21875290494981e-05,0.0302819403980323
"98",0.00118788771035604,8.76307310273237e-09,15.1903557674751
"99",0.00091684709664429,1.16928605445197e-06,0.00853691128208542
"100",0,0.000894417661437088,3.00938084982383e-06
"101",0.00268611255116353,8.07955340148713e-06,0.000164512819790351
"102",0.00707337420692163,0.00352569101712214,0.0164148046354029
"103",0.000216159194533149,0,0.00589482080531446
"104",0.00101398920818539,0.0877183705297413,0.00574791742316359
"105",6.88218786369524e-06,0.000105156877242759,24.3370766368672
"106",0.000936624582565864,0.00027906123139272,4.91119080677549
"107",0.00906646595945273,2.80418339313915e-05,0.00316112021580711
"108",0.000695381514417456,4.09031042231434e-05,0.176696325518891
"109",0.000801902365628356,0.00178369431998684,0.027700289231929
"110",0.00025214533712774,8.93833456563433e-05,0.005745181622391
"111",0.0013411885942439,0.000181249562025367,19.6881183018357
"112",0.00643053806751666,0.00263873657294494,17.30972225512
"113",0.000123222798142771,0.00106913254142853,0.0574551903781967
"114",0.0197080164130052,6.87200192781431e-05,0.0246823945701009
"115",0.00018623092918304,9.20005834899448e-05,0.0275424918911017
"116",0.00300089654194317,0.0342286803834928,0.00375293502246398
"117",0.00193286216307851,9.14163786163721e-05,0.00643129492201026
"118",0.000187560212129476,0.00877183617666691,16.8668421275348
"119",2.69497642712085e-05,0.00140644402287825,17.7881362646986
"120",0.000149223500947943,0.0885070383459892,17.2006380024467
"121",0.0895341005687651,9.74453729116223e-05,0.00969788481726786
"122",0.00146720605011241,1.84024535174776e-06,0.00871788477677074
"123",0.00716796678520783,0.0158650881741999,0.00334916730577675
"124",0.000914441613808997,0.000889159817574873,0.0277017264392682
"125",4.53042548878423e-05,0.000876307310356321,0.0164487559229905
"126",0.00105811400052168,0.0535507307924637,0.00580311949921881
"127",0.00179086107957643,0,15.3088932820151
"128",0.0121375411201037,3.50522924142531e-06,18.9473731547701
"129",0.000100995460264903,0.000976749654269376,15.2449054484281
"130",0.00820341871005224,0.0175622267001183,0.00191783492070303
"131",0.0249385896148223,0.00194023201585996,0.0273854751654281
"132",0.179068332454211,0.00985349150008322,15.8566663420489
"133",0.0240241200789088,0.00809270808516944,0.0142919392602288
"134",1.91998772462162,3.33248897744612,13.9932338552302
"135",0.0208912901327119,0,16.0243388845473
"136",0.0115988442816815,2.93913471892775e-05,0.0620115206555323
"137",0.000718958827567182,1.168409747112e-06,0.00364773436342283
"138",0.00179641219381174,0,0.00821013811847407
"139",0.00637231873748295,0,0.000887806563842466
"140",0.000888136495061971,0,6.21573935527268e-06
"141",5.8213876118684,0,0.0602345232126566
"142",0.00842694954553215,2.72531573520542e-05,0.170179848704026
"143",1.31674817236445e-05,0.165504390664541,0.0168959772752821
"144",0.00610834582629122,5.84204873571064e-07,17.319655807105
"145",0.000373038457973746,0.00175969518378029,0.00547160154513443
"146",0.00896415414894488,0.0116842172334167,15.2427820754443
"147",9.74131014188142e-05,0.00876307310356329,0.0282975291315178
"148",0.00129557037311013,0,0.0405119202268927
"149",0.00174056416448335,0.000965787049816761,17.6901051381793
"150",4.16851238891897,0.0242481827438952,0.00284873462845872
"151",0.900239177572168,8.76307310357321e-06,0.0356201260588241
"152",0.000596894003791774,8.76307310356379e-05,0.576383259762323
"153",0.00108855738539702,0.000308635434707429,0.00633039676565082
"154",0.013026054553729,0.00106419928179413,16.7142370523676
"155",0.0304430267389892,1.31825829721244e-05,19.2256221490781
"156",0.00127811719243923,0.000974792567943025,16.7795583466216
"157",0.00205594170666046,0.00271916113686512,15.8245409803636
"158",0.000392368273392548,0.00176225400112659,0.0368519878397583
"159",0.000645809467402485,0.00877201143812888,18.2494878317845
"160",0.000726133493492764,0.00117577072854893,0.00806089471472896
"161",0.818396500095029,3.22969468286734,3.24917015962575
"162",0.0002279129328088,0.0184024535174829,0.0107361941651444
"163",0.00179963542143217,0.0116928605445212,5.47160154514589e-09
"164",0.0119924958771822,0.00017622540011274,15.780010701371
"165",0.000896146812592744,0.00169521064983559,15.9007772260052
"166",0.000917115698945971,0,0.0073009403283908
"167",0.0179068201137531,9.13112217391272e-05,0.0300938084982387
"168",0.00362696672464034,1.75261462071265e-05,0.0275769812195079
"169",0.00089534100568766,0.000876307310356393,0.00207476747056359
"170",6.09142268749538e-05,0.00011137865914627,15.4167545410491
"171",0.00797803242956132,8.76307310356336e-06,11.9691624188145
"172",0.000422565141044379,0,0.0321005110694481
"173",0.0120628756491694,0.0799210669498492,0.020974727931087
"174",0.00150118841953617,1.75261462071263e-06,17.5665550028302
"175",0.00150739910164573,0.000192857712863181,17.4741860327633
"176",0.000300625665009729,0.000876307310356335,0.273580077256715
"177",5.77533716934082,0.0087726423793925,16.9630821383724
"178",0.000895341005687649,0.000119761999082017,16.0018603279685
"179",0.00136698854169913,3.6220702161328e-07,20.499470259362
"180",1.4576151572594e-05,0.00876307310356335,0.0854945401669399
"181",0.0027891722698582,0.00017753109800507,0.0291941312948441
"182",0.00278498505842158,0.00876307310356324,0.0820746250531847
"183",0.00199558020363288,0.00390088004470173,0.0184672297329906
"184",0.00207371721009325,0.000438153655178197,0.00547187512521158
"185",0.00324765252311078,1.75261462071265e-06,0.000304102494542651
"186",3.45124112992731e-05,9.65106451139092e-06,2.73580077256664e-05
"187",0.0162480230263034,0.00584789078444449,0.0303679630936577
"188",0.00175291175260339,0.00100494922351659,16.476408728622
"189",9.41801742707794,0,0.552634491859338
"190",0,0.000187500554172576,0.277986649799762
"191",0.000456027018896925,0.0876307310356328,0.182386718171143
"192",2.11969212601095,0.0148015023075229,0.00278778098724599
"193",8.95341005687646e-05,1.54814291496214e-05,18.8179609674901
"194",0.000101800272346684,0.000895936594108319,0.273583907377797
"195",0.000128332210815253,0.00262892193106899,0.000303974823839939
"196",0.000895341005687649,4.10111821246456e-05,0.0200625389988258
"197",0.00289977075982076,0.0116858500860385,0.0109481731283387
"198",0.00489502028417557,0.00876482571818404,15.8055554449668
"199",0.00127287646308592,0.00175262630481026,15.2277862951043
"200",0.00191583874609035,1.16840974714177e-06,0.0550990822755181
"201",0.000185109365349906,2.43029227405519e-06,16.6883847126596
"202",6.39407068623657e-05,0.0125866940010847,5.47160154512603e-05
"203",0.00254921491139394,0,0.0300945380451115
"204",4.73435779999342,0.0175261637332729,3.55654100433761e-05
"205",0.0189098509449228,0.00709516818951845,0.0281852513467068
"206",0.305912419068966,0.000188698174163399,0.00319888065000368
"207",10.3373865513055,1.70295720645903e-05,0.0580020587139607
"208",0.000240467702837571,2.33681949428384e-05,0.0301211665059644
"209",0.0023985588648368,0.0234850359175495,0.000509223717133843
"210",0.00269497642711982,0.0058447477622248,17.6967218830045
"211",0.000862635641243723,2.12358471543015e-05,0.0273580077256713
"212",0.0188916952200094,0.00175270225144369,0.011244250607282
"213",0.00360381619070327,0,0.300980033927566
"214",8.46975570619709,0.00312354872402564,19.1583602650672
"215",0.0197064555351852,0.00876307310356329,16.3661631404237
"216",0.268602421085097,0.0245374809972875,0.00662786038365209
"217",9.26472251213014,1.75261462071183e-07,13.9263160909757
"218",0.00286759518854634,9.49040817116025e-05,0.0276315878029286
"219",0.00984875106256425,0,21.9613606469771
"220",0.0179068201137531,0,0.0273583724991079
"221",0.0017906820113753,0,0.0182839912688457
"222",5.1302487498949,0.176234163185761,4.65141181119562
"223",0.00365213177584016,0.00597729216394051,0.549923039713646
"224",0.000690910778329045,0.00964072992717763,0.00124757986830607
"225",0.0020463430541854,0,0.000305176752312682
"226",0.00900194350832471,0,0.054991065565548
"227",4.84677931078804e-06,0.0175261462071265,0.206282338388001
"228",0.00610858040563445,2.59971168739044e-06,0.0209759620812132
"229",0.00476389460942264,0.00185689519064507,14.9305850932893
"230",9.9167969789965e-05,0.000681778771554707,0
"231",5.96894003791951e-08,0.000175261462071247,0.0273580077256713
"232",0.0155829127923238,0,0.018244599385455
"233",0.0596894003791769,0.0175273146168738,0.0568135995003497
"234",0.00197891253547104,0.00876307310356324,0.0146037957173226
"235",0.00160309613280366,0,17.3768388127946
"236",9.42626948668158e-05,1.98629657014119e-06,0.00565530144767637
"237",0.000599442741187949,0,0.202452726165349
"238",0.000108739165140763,0,0.273582884188308
"239",0.0117409050545841,0.0175261462071267,0.00549961614504526
"240",0.00915961604389648,0.000106033184553116,1.04379918809726e-05
"241",0,0.0175261462071265,0.00855400948975372
"242",4.23552071555103,8.99208141400768e-05,0.0182942085727975
"243",0.00485056958771319,0.00877201143812887,22.1203431731764
"244",0.000790741300463251,0,1.36820138820391
"245",3.22394389329165e-05,0.000967443270633398,0.01654174579125
"246",0,0.00278928616886415,0.0273856757908174
"247",8.97853283945386,0.00245366046899782,5.5320888350599
"248",0.00904294415744558,0.00877493246249672,19.48142627637
"249",0.00269915468514636,6.60151507134283e-05,0.031019421092957
"250",0.000895341005687649,1.09012629408324e-05,0.0582726111716959
"251",0.00153351619878165,3.6220702161395e-07,13.9693690576136
"252",0.00100684080559592,0.000254304381465391,0.0273616828180424
"253",0.0090439827530119,0.000658136000321286,0.0186316878367655
"254",0.00198407566860385,0.000590858967080863,16.5529209856862
"255",5.76009876387101e-05,0.00876517624110821,0.0182770988747659
"256",0.0278508808232666,0.000904898296868892,0.0574548256047601
"257",5.96894003791744e-05,1.16840974714177,0.0291852399423334
"258",0.00367806174670589,0,0.547342541231602
"259",0.0214955617463906,0.000177014076691978,0.221615091868907
"260",0.0178102128192393,0,14.9112482090306
"261",0.00597789344797449,0.409324029737824,14.0042268615417
"262",0.00180163501634491,0.00119939013158723,0.0364773436342288
"263",0.00230971119237238,0.000898857618476113,0.255616822515884
"264",0,0.0123839048053709,0.030841997482161
"265",0.00161364683121474,0.000100161925573706,0.00276589458106538
"266",0.000202555980186652,0.000101841514585234,18.3900842246291
"267",0.00897131687699038,0.00886828255924462,0.0270005676033001
"268",0.309884147591938,0.00264936910164404,4.67878794781367
"269",0.0904294415744528,0.000175349092802267,16.9216315794914
"270",0,0.000126305093666025,0.0331585619556997
"271",0.0895341005687651,6.01731019778087e-05,0.0279872419033617
"272",0.001807320431731,0.116841967862461,0.0549895991763342
"273",0.00897592489869972,5.95888971041072e-07,17.4241804160337
"274",0.089535174977972,0,0.0182486593138014
"275",0.00905270337440729,1.4057721872599e-05,0.295557676796339
"276",0.00117496495517396,0.000149895286460775,0.00640331679944289
"277",0.000164921813247661,8.62870598264173e-06,0.00164509172056013
"278",0.0091523738721014,9.06861225243817e-05,14.8754592594419
"279",0.0179800470701382,0.000963938041392009,0.0270880808543798
"280",0.000588716555939813,0.00269102290912958,0.00458782846356429
"281",0.00188129052115077,0.000876307310356335,0.0547160154513429
"282",3.02318776041217,0.00390194329757162,0.000109432030902686
"283",0.00283429447207488,8.93833456563456e-05,0.00182441434186589
"284",0.00905773519085915,9.35896207460989e-05,0.0547160154513426
"285",0.00179139828417987,0.00233681949428353,0.109459388910412
"286",0.0090429453512333,1.16937613884363,0.0493162742731683
"287",0.000897750069886906,0.000584263294058247,17.6817258116664
"288",1.86827823186819e-05,0.0005884199117337,0.00382244907548754
"289",1.0027819263701e-05,0.00274824665280321,0.0258514691153488
"290",0.000440543588438559,0.00058420487357089,17.9686304901319
"291",0.000140884891714971,2.12066369106231e-05,19.1351960338289
"292",9.74856294763615,0.000302579177518145,0.109443916437154
"293",2.51360747118446,0.0116863817124734,0.00171315114831283
"294",0.180858883148906,0.00468354126117415,0.00193570306955965
"295",0.000872718722943936,0.0175278988217474,0.00730343537869547
"296",0.00180172455044546,0.00234623103479679,0.0365693942108897
"297",0.00130540718629253,0.0116844869413333,18.0094649902694
"298",0.000132510468841775,8.39175248592615e-05,0.0182443258053777
"299",1.11169176678549,0.000122683023449986,0.0339833876499563
"300",0.000934497252336392,0,14.5751500823994
"301",0.0107638074771971,8.76307310356306e-05,0.0574727022389416
"302",0.0025328898603902,0.000105571078498121,0.0167030323723827
"303",0.000138264527038313,3.20062482034545e-05,0.0352804490349024
"304",0,3.52962490055539,16.2354489829505
"305",0.0179096852049713,0.00631260239317521,17.0038156219845
"306",4.1782580265425e-07,2.57067670517501e-05,0.00620440766847277
"307",0.00358399035636729,0.00424145006514797,0.003763845395945
"308",0.0205421071404937,0.0017613776938162,0.0443440889033759
"309",0.0229296831556608,0.00876307310356324,14.8858082985845
"310",9.4010720539808,1.9862965701403e-05,0.139911171468139
"311",0.0162056722029465,5.84204873570774e-05,0.0385516824960047
"312",0.0602893116821578,2.04471705749793e-06,0.0859896507998217
"313",9.22724881119057,6.10844615804524e-05,0.00820767589777872
"314",0.000128824648368355,0,0.0392170110052212
"315",0.000967315934264554,9.93235915801573e-05,0.18997126984629
"316",0.00190480516043029,0.00234599151079849,0.024117725290643
"317",0.000228670092852642,0.00196620079879746,6.30970939355705
"318",2.12494265349869e-05,0.000204179603313037,0.0575527672724179
"319",0.0002495016935849,0.000808831647458878,14.9579333451494
"320",0.00584904193937598,0,0.0273704100225072
"321",8.09088482112703,0.0021089795935909,14.9172520624399
"322",5.45836147103945,0.035061931794667,0.00283407073631782
"323",2.71915063427323e-05,0.00887150152809799,0.00524642082332293
"324",0.000286598655920622,0,9.4154404494032
"325",0.00567347750604064,0.00876307310356329,0.00116192376998418
"326",0.00818639171169998,0.00963938041391951,0.00143451166349403
"327",5.11905485790444,0.00327505836328714,0.0252901691265314
"328",0.011043822392256,0.0116992867981305,0.00852810565133205
"329",0.0170114791080653,0.00447924569319373,0.0549976114248634
"330",0.00906085097755906,0,3.99025273531118
"331",0.000227680144147353,5.84204873570883e-05,2.32232362598335
"332",0.000123506322794551,0.000876307310356328,0.10983180799798
"333",0.00179068201137527,0.0206232031874854,0.0241043691112714
"334",4.50425114950865,0.00058420487357089,0.00505154669451432
"335",0.00775962204929299,0.000898799197988737,0.00461995260100915
"336",5.62037020506489,0.00877317984787601,0.0034326105060471
"337",0.625544915973773,1.40559692581155e-05,0.000554388140154578
"338",0.000315643518145139,0.000107084753325529,0.0474868886530024
"339",9.2345333897749,1.06150025528059e-05,18.0178727677425
"340",2.1876165238898e-06,0.0132435798029766,0.00062353824048193
"341",0.00322256805260136,0.000891671898531249,3.16988116181535e-05
"342",4.0983847620132,7.0688789702066e-05,0.00274948524803152
"343",0.00128332210815231,0.00017683881522995,5.65927747813863e-05
"344",0.000895341005687672,1.16840974713923e-05,17.6295505536343
"345",0.0137554223173813,3.61038611866847e-05,0.00300938084982395
"346",0.0107440920682518,0.00584290237587005,0.030531874037278
"347",0.0060017692081262,0.00880128010229477,0.0200652747995984
"348",0.000122978071601225,0.00175261462071273,5.25273748332383e-05
"349",0.00214493860262579,0.00262892193106895,0.00112167831675254
"350",0.0373132349400523,0.000885087909606174,16.1214089275077
"351",0.00270572051918812,0.000176485371281396,8.2931240752431e-05
"352",0,0.00368200963616792,6.19210679962674
"353",0.0269990438401514,9.63938041391531e-06,0.000719471830372803
"354",0.000904383949845111,0.351412492903517,2.53107783551269
"355",9.96043995729909,2.0898106980915,0.0165607869646271
"356",0.17737600663678,4.38104821530755,15.8389895340648
"357",7.91587576781759,0.0058884346026702,0.224407396046763
"358",0,9.4641189518294e-06,18.9586178338038
"359",0.00145117765542862,1.06909491863473e-05,0.000273580077256718
"360",0.00986877387192132,0.000204471705749795,0.00283187297636382
"361",0.0268602301706296,0.0010515687724276,0.000443883675349014
"362",1.37285620872084e-05,0.00623205222520722,3.66314604110633e-05
"363",0.0367089812331934,8.76394941086029e-05,0.11299185486795
"364",0.000927722505393372,0.00203799870145208,0.0552996529494908
"365",7.80679879588742,0.0117279128369355,0.0574518162239103
"366",0.00107476555254551,0.00175261462071279,0.0355654100433728
