"","Type","theta","MRS","MeanAngle","StdAngle","COM"
"1","Angular",0,0,0,16573.5041108195,0
"2","Angular",0.01,7.26968072634738,-0.0165723863967315,16573.5041108195,0.05689252215089
"3","Angular",0.02,11.1555064819642,-0.0348344445282436,16573.5041108195,0.113771006923248
"4","Angular",0.03,21.0664599391269,-0.0547677121790002,16573.5041108195,0.17062142040203
"5","Angular",0.04,22.5445733219688,-0.0763521690766851,16573.5041108195,0.227429735598401
"6","Angular",0.05,34.7341601266231,-0.099566256408238,16573.5041108195,0.284181935910599
"7","Angular",0.06,31.6959682698408,-0.124386897223758,16573.5041108195,0.340864018582435
"8","Angular",0.07,32.0677260738226,-0.150789517728512,16573.5041108195,0.397461998158148
"9","Angular",0.08,41.8841510136715,-0.178748069466835,16573.5041108195,0.453961909933154
"10","Angular",0.09,37.1996486067243,-0.208235052404802,16573.5041108195,0.510349813399661
"11","Angular",0.1,40.0974787072153,-0.239221538921598,16573.5041108195,0.566611795686244
"12","Angular",0.11,41.8162339493149,-0.271677198722145,16573.5041108195,0.622733974990639
"13","Angular",0.12,47.4939876578387,-0.305570324685917,16573.5041108195,0.678702504004869
"14","Angular",0.13,48.0964537413498,-0.340867859668677,16573.5041108195,0.734503573331879
"15","Angular",0.14,48.8479657531853,-0.377535424275436,16573.5041108195,0.790123414892786
"16","Angular",0.15,49.4642794351462,-0.415537345624273,16573.5041108195,0.845548305323937
"17","Angular",0.16,49.8721639060903,-0.454836687121173,16573.5041108195,0.900764569362963
"18","Angular",0.17,50.4197825508225,-0.495395279266305,16573.5041108195,0.955758583222915
"19","Angular",0.18,51.2778147783687,-0.537173751512498,16573.5041108195,1.01051677795379
"20","Angular",0.19,51.8645236288001,-0.580131565195146,16573.5041108195,1.0650256427904
"21","Angular",0.2,52.2962775925088,-0.624227047553106,16573.5041108195,1.11927172848595
"22","Angular",0.21,52.5930175752356,-0.669417426857407,16573.5041108195,1.17324165063054
"23","Angular",0.22,47.5460624314813,-0.71565886866334,16573.5041108195,1.22692209295341
"24","Angular",0.23,48.5787227282349,-0.76290651319961,16573.5041108195,1.28029981060869
"25","Angular",0.24,48.7111511907645,-0.811114513904201,16573.5041108195,1.33336163344324
"26","Angular",0.25,49.0590481456037,-0.860236077115218,16573.5041108195,1.38609446924625
"27","Angular",0.26,49.2263977303654,-0.910223502919862,16573.5041108195,1.43848530697955
"28","Angular",0.27,49.0029674189387,-0.961028227162089,16573.5041108195,1.49052121998787
"29","Angular",0.28,48.8542827204794,-1.01260086460462,16573.5041108195,1.54218936918831
"30","Angular",0.29,49.5096441622907,-1.06489125323668,16573.5041108195,1.59347700623817
"31","Angular",0.3,48.4613699898632,-1.11784849971453,16573.5041108195,1.64437147668044
"32","Angular",0.31,54.0325240396955,-1.17142102591595,16573.5041108195,1.69486022306612
"33","Angular",0.32,53.2522902042525,-1.225556616586,16573.5041108195,1.74493078805248
"34","Angular",0.33,53.0359316972612,-1.28020246804469,16573.5041108195,1.79457081747687
"35","Angular",0.34,53.0651320020253,-1.33530523792294,16573.5041108195,1.84376806340476
"36","Angular",0.35,53.3725263265546,-1.3908110958869,16573.5041108195,1.8925103871519
"37","Angular",0.36,54.7833201659257,-1.44666577530586,16573.5041108195,1.94078576227926
"38","Angular",0.37,51.9499345960853,-1.50281462581283,16573.5041108195,1.98858227756039
"39","Angular",0.38,49.7443006271125,-1.55920266670202,16573.5041108195,2.03588813992032
"40","Angular",0.39,50.2712669544937,-1.61577464110194,16573.5041108195,2.08269167734536
"41","Angular",0.4,52.8502083226823,-1.67247507085754,16573.5041108195,2.12898134176302
"42","Angular",0.41,50.3207824721785,-1.72924831205034,16573.5041108195,2.17474571189122
"43","Angular",0.42,49.8765910015868,-1.78603861108017,16573.5041108195,2.21997349605643
"44","Angular",0.43,53.5252240611387,-1.84279016122858,16573.5041108195,2.26465353497965
"45","Angular",0.44,53.6652886942135,-1.89944715961927,16573.5041108195,2.30877480452988
"46","Angular",0.45,49.7681550977264,-1.95595386448771,16573.5041108195,2.35232641844402
"47","Angular",0.46,53.404303157527,-2.01225465266856,16573.5041108195,2.39529763101302
"48","Angular",0.47,49.7622162453245,-2.06829407720703,16573.5041108195,2.43767783973317
"49","Angular",0.48,49.8533755252479,-2.12401692499786,16573.5041108195,2.47945658792213
"50","Angular",0.49,53.3647947652385,-2.17936827435389,16573.5041108195,2.52062356729893
"51","Angular",0.5,57.5965728490431,-2.23429355240484,16573.5041108195,2.5611686205274
"52","Angular",0.51,49.7901865313611,-2.28873859222627,16573.5041108195,2.60108174372233
"53","Angular",0.52,53.2588019827376,-2.34264968959867,16573.5041108195,2.64035308891783
"54","Angular",0.53,53.3398315053081,-2.39597365929676,16573.5041108195,2.67897296649708
"55","Angular",0.54,49.8329430659601,-2.44865789080997,16573.5041108195,2.71693184758321
"56","Angular",0.55,55.0466994443991,-2.50065040339732,16573.5041108195,2.75422036639024
"57","Angular",0.56,52.8267106913961,-2.55189990038068,16573.5041108195,2.79082932253415
"58","Angular",0.57,53.4901695320821,-2.60235582258427,16573.5041108195,2.82674968330281
"59","Angular",0.58,54.9642844549508,-2.65196840083054,16573.5041108195,2.86197258588467
"60","Angular",0.59,52.7630789851901,-2.70068870740614,16573.5041108195,2.89648933955559
"61","Angular",0.6,53.4963517408852,-2.74846870641623,16573.5041108195,2.93029142782307
"62","Angular",0.61,53.6163975688722,-2.79526130294919,16573.5041108195,2.96337051052762
"63","Angular",0.62,55.0138534395115,-2.84102039097904,16573.5041108195,2.99571842590057
"64","Angular",0.63,53.8653053212284,-2.8857008999375,16573.5041108195,3.02732719257783
"65","Angular",0.64,53.5112233708372,-2.92925883989368,16573.5041108195,3.05818901156918
"66","Angular",0.65,53.0496202800745,-2.9716513452842,16573.5041108195,3.0882962681826
"67","Angular",0.66,53.2215302573287,-3.01283671714337,16573.5041108195,3.11764153390301
"68","Angular",0.67,54.8534418341469,-3.05277446378797,16573.5041108195,3.1462175682252
"69","Angular",0.68,53.9174534572925,-3.09142533991805,16573.5041108195,3.17401732044029
"70","Angular",0.69,53.7719719186982,-3.12875138410061,16573.5041108195,3.20103393137541
"71","Angular",0.7,53.5754029755399,-3.16471595460987,16573.5041108195,3.22726073508606
"72","Angular",0.71,53.3604477820498,-3.19928376360271,16573.5041108195,3.25269126050086
"73","Angular",0.72,53.3695301840346,-3.23242090961476,16573.5041108195,3.2773192330182
"74","Angular",0.73,54.6556134647559,-3.26409490836784,16573.5041108195,3.30113857605437
"75","Angular",0.74,52.5582216583016,-3.29427472188476,16573.5041108195,3.32414341254291
"76","Angular",0.75,53.2666671873676,-3.32293078591319,16573.5041108195,3.34632806638461
"77","Angular",0.76,50.3548634010746,-3.3500350356647,16573.5041108195,3.36768706384813
"78","Angular",0.77,53.028830698382,-3.37556092988017,16573.5041108195,3.38821513492042
"79","Angular",0.78,53.0408733002577,-3.3994834732364,16573.5041108195,3.40790721460711
"80","Angular",0.79,53.4129406910742,-3.4217792371133,16573.5041108195,3.42675844418223
"81","Angular",0.8,53.0662548849046,-3.44242637874365,16573.5041108195,3.44476417238691
"82","Angular",0.81,53.5186191556093,-3.4614046587711,16573.5041108195,3.46191995657718
"83","Angular",0.82,53.8760238294347,-3.47869545724403,16573.5041108195,3.47822156381998
"84","Angular",0.83,54.0404667710079,-3.49428178807538,16573.5041108195,3.49366497193766
"85","Angular",0.84,53.9937298355533,-3.50814831199982,16573.5041108195,3.50824637050033
"86","Angular",0.85,53.6199078342836,-3.52028134806098,16573.5041108195,3.52196216176611
"87","Angular",0.86,54.0797406271442,-3.53066888366172,16573.5041108195,3.53480896156873
"88","Angular",0.87,52.340152437212,-3.53930058321143,16573.5041108195,3.54678360015255
"89","Angular",0.88,53.7146741351872,-3.54616779540279,16573.5041108195,3.55788312295471
"90","Angular",0.89,54.3744363209678,-3.55126355915105,16573.5041108195,3.56810479133402
"91","Angular",0.9,53.201034450689,-3.55458260822674,16573.5041108195,3.57744608324675
"92","Angular",0.91,53.1034368054917,-3.55612137461195,16573.5041108195,3.58590469386895
"93","Angular",0.92,53.3798665054274,-3.55587799060777,16573.5041108195,3.59347853616496
"94","Angular",0.93,53.3514872346329,-3.55385228971888,16573.5041108195,3.60016574140255
"95","Angular",0.94,53.3153441727829,-3.55004580633809,16573.5041108195,3.60596465961388
"96","Angular",0.95,53.236851033395,-3.54446177425159,16573.5041108195,3.61087386000266
"97","Angular",0.96,52.8226688486593,-3.53710512398159,16573.5041108195,3.61489213129715
"98","Angular",0.97,53.3239084571931,-3.52798247898097,16573.5041108195,3.61801848204904
"99","Angular",0.98,53.3944986511788,-3.51710215069005,16573.5041108195,3.62025214087804
"100","Angular",0.99,53.3517001829853,-3.50447413246252,16573.5041108195,3.62159255666229
"101","Angular",1,55.3786753358855,-3.49011009236415,16573.5041108195,3.62203939867424
"102","Angular",1.01,53.3926992622746,-3.47402336484366,16573.5041108195,3.62159255666229
"103","Angular",1.02,53.3485030459599,-3.45622894127189,16573.5041108195,3.62025214087804
"104","Angular",1.03,54.4139431404764,-3.4367434593415,16573.5041108195,3.61801848204903
"105","Angular",1.04,53.444868582077,-3.41558519131603,16573.5041108195,3.61489213129715
"106","Angular",1.05,53.4323661957048,-3.39277403111372,16573.5041108195,3.61087386000266
"107","Angular",1.06,53.4357571514954,-3.36833148020794,16573.5041108195,3.60596465961388
"108","Angular",1.07,53.6194332917917,-3.34228063232358,16573.5041108195,3.60016574140254
"109","Angular",1.08,53.1628267585344,-3.31464615690516,16573.5041108195,3.59347853616496
"110","Angular",1.09,53.3160913442831,-3.28545428133071,16573.5041108195,3.58590469386894
"111","Angular",1.1,53.0438278467865,-3.25473277184282,16573.5041108195,3.57744608324676
"112","Angular",1.11,54.0758909560734,-3.22251091316613,16573.5041108195,3.56810479133402
"113","Angular",1.12,54.3703900720788,-3.18881948677991,16573.5041108195,3.55788312295471
"114","Angular",1.13,53.1484423216159,-3.15369074781238,16573.5041108195,3.54678360015255
"115","Angular",1.14,54.0730277724985,-3.11715840052368,16573.5041108195,3.53480896156873
"116","Angular",1.15,53.7761909242311,-3.07925757234347,16573.5041108195,3.52196216176611
"117","Angular",1.16,53.4218783835391,-3.04002478643,16573.5041108195,3.50824637050034
"118","Angular",1.17,54.623542449912,-2.99949793271847,16573.5041108195,3.49366497193766
"119","Angular",1.18,53.435555343304,-2.95771623742725,16573.5041108195,3.47822156381998
"120","Angular",1.19,52.7155116433959,-2.9147202309929,16573.5041108195,3.46191995657717
"121","Angular",1.2,52.8818283012336,-2.87055171440743,16573.5041108195,3.44476417238691
"122","Angular",1.21,53.3728735749238,-2.82525372393404,16573.5041108195,3.42675844418222
"123","Angular",1.22,53.2978370997463,-2.77887049418071,16573.5041108195,3.40790721460711
"124","Angular",1.23,54.1801299553564,-2.73144741951593,16573.5041108195,3.38821513492041
"125","Angular",1.24,52.7026997235871,-2.68303101381451,16573.5041108195,3.36768706384812
"126","Angular",1.25,53.3293460516496,-2.63366886852691,16573.5041108195,3.34632806638461
"127","Angular",1.26,53.5540486619251,-2.58340960907077,16573.5041108195,3.3241434125429
"128","Angular",1.27,53.2882683319335,-2.5323028495495,16573.5041108195,3.30113857605438
"129","Angular",1.28,52.810852774588,-2.48039914580886,16573.5041108195,3.2773192330182
"130","Angular",1.29,53.7682701104786,-2.42774994684923,16573.5041108195,3.25269126050086
"131","Angular",1.3,54.2458170873736,-2.37440754461831,16573.5041108195,3.22726073508605
"132","Angular",1.31,55.4196344329461,-2.3204250222163,16573.5041108195,3.20103393137541
"133","Angular",1.32,50.5987852127596,-2.26585620055315,16573.5041108195,3.17401732044029
"134","Angular",1.33,55.9506881204699,-2.21075558350474,16573.5041108195,3.14621756822519
"135","Angular",1.34,50.2589038098237,-2.15517830162348,16573.5041108195,3.11764153390301
"136","Angular",1.35,56.6245796337219,-2.09918005446562,16573.5041108195,3.0882962681826
"137","Angular",1.36,55.7522267946495,-2.04281705160622,16573.5041108195,3.05818901156918
"138","Angular",1.37,55.3511136449245,-1.98614595242009,16573.5041108195,3.02732719257783
"139","Angular",1.38,56.9749147136731,-1.92922380471427,16573.5041108195,2.99571842590057
"140","Angular",1.39,56.3957663662265,-1.87210798230574,16573.5041108195,2.96337051052762
"141","Angular",1.4,55.5060013299776,-1.81485612164427,16573.5041108195,2.93029142782307
"142","Angular",1.41,55.797792740851,-1.75752605758765,16573.5041108195,2.89648933955559
"143","Angular",1.42,56.6391568065145,-1.70017575844227,16573.5041108195,2.86197258588468
"144","Angular",1.43,50.3184592583843,-1.64286326038818,16573.5041108195,2.8267496833028
"145","Angular",1.44,55.6018196030514,-1.58564660141299,16573.5041108195,2.79082932253415
"146","Angular",1.45,54.3706438868091,-1.52858375488307,16573.5041108195,2.75422036639023
"147","Angular",1.46,54.4047499692303,-1.47173256288515,16573.5041108195,2.71693184758319
"148","Angular",1.47,54.452045504745,-1.41515066947423,16573.5041108195,2.67897296649708
"149","Angular",1.48,54.7933212679511,-1.35889545396627,16573.5041108195,2.64035308891782
"150","Angular",1.49,54.9600692555722,-1.3030239644162,16573.5041108195,2.60108174372234
"151","Angular",1.5,57.9705544715641,-1.24759285142196,16573.5041108195,2.56116862052739
"152","Angular",1.51,54.9930603656608,-1.19265830239652,16573.5041108195,2.52062356729892
"153","Angular",1.52,54.8785092038519,-1.13827597644809,16573.5041108195,2.47945658792214
"154","Angular",1.53,54.2078177298792,-1.0845009400075,16573.5041108195,2.43767783973317
"155","Angular",1.54,54.4907849447577,-1.03138760334005,16573.5041108195,2.39529763101301
"156","Angular",1.55,51.2142977634056,-0.978989658074781,16573.5041108195,2.35232641844401
"157","Angular",1.56,50.2019481412742,-0.927360015881234,16573.5041108195,2.30877480452988
"158","Angular",1.57,56.3704522072933,-0.876550748418424,16573.5041108195,2.26465353497965
"159","Angular",1.58,56.0977253592464,-0.826613028675766,16573.5041108195,2.21997349605642
"160","Angular",1.59,56.4750027803816,-0.777597073819379,16573.5041108195,2.1747457118912
"161","Angular",1.6,51.5492624272632,-0.729552089650724,16573.5041108195,2.12898134176302
"162","Angular",1.61,51.6135383531989,-0.682526216777219,16573.5041108195,2.08269167734536
"163","Angular",1.62,50.1363783540519,-0.636566478586843,16573.5041108195,2.03588813992031
"164","Angular",1.63,51.6008791896023,-0.591718731110561,16573.5041108195,1.98858227756038
"165","Angular",1.64,49.9322636437594,-0.548027614848209,16573.5041108195,1.94078576227926
"166","Angular",1.65,56.130998756148,-0.505536508624346,16573.5041108195,1.89251038715191
"167","Angular",1.66,50.1032162967438,-0.464287485532168,16573.5041108195,1.84376806340475
"168","Angular",1.67,50.2401723591257,-0.424321271014136,16573.5041108195,1.79457081747685
"169","Angular",1.68,51.6445856713983,-0.38567720311913,16573.5041108195,1.74493078805248
"170","Angular",1.69,51.143438355272,-0.348393194966988,16573.5041108195,1.69486022306611
"171","Angular",1.7,49.6969044377201,-0.312505699442198,16573.5041108195,1.64437147668044
"172","Angular",1.71,49.9499045766274,-0.278049676129754,16573.5041108195,1.59347700623816
"173","Angular",1.72,49.8271692033219,-0.245058560498023,16573.5041108195,1.54218936918829
"174","Angular",1.73,49.4183673042406,-0.213564235324881,16573.5041108195,1.49052121998785
"175","Angular",1.74,55.4881007659398,-0.183597004355917,16573.5041108195,1.43848530697954
"176","Angular",1.75,56.1622607103281,-0.155185568175753,16573.5041108195,1.38609446924624
"177","Angular",1.76,55.4186670883183,-0.128357002267038,16573.5041108195,1.33336163344323
"178","Angular",1.77,55.6651459315999,-0.103136737224958,16573.5041108195,1.28029981060869
"179","Angular",1.78,49.6196839073271,-0.0795485410892525,16573.5041108195,1.22692209295341
"180","Angular",1.79,49.7755039076865,-0.0576145037505995,16573.5041108195,1.17324165063053
"181","Angular",1.8,49.3677136304064,-0.0373550233836113,16573.5041108195,1.11927172848595
"182","Angular",1.81,49.1718800519462,-0.0187887948541032,16573.5041108195,1.06502564279039
"183","Angular",1.82,49.229323666332,-0.00193280004552321,16573.5041108195,1.01051677795379
"184","Angular",1.83,48.6296001425934,0.0131976999536931,16573.5041108195,0.955758583222919
"185","Angular",1.84,47.5129620862683,0.0265891708626071,16573.5041108195,0.900764569362951
"186","Angular",1.85,47.0344831804962,0.0382298094815354,16573.5041108195,0.845548305323928
"187","Angular",1.86,45.6559218853048,0.0481095462906467,16573.5041108195,0.790123414892767
"188","Angular",1.87,44.8067042537978,0.0562200464362377,16573.5041108195,0.734503573331866
"189","Angular",1.88,43.883466421172,0.0625547091678698,16573.5041108195,0.678702504004857
"190","Angular",1.89,42.7886789854499,0.0671086657891635,16573.5041108195,0.622733974990643
"191","Angular",1.9,41.1056645099428,0.0698787761825486,16573.5041108195,0.566611795686242
"192","Angular",1.91,39.6241962578107,0.0708636239681368,16573.5041108195,0.51034981339965
"193","Angular",1.92,37.7211395580944,0.0700635103533074,16573.5041108195,0.453961909933151
"194","Angular",1.93,35.6226926518289,0.0674804467278278,16573.5041108195,0.397461998158135
"195","Angular",1.94,33.145092472268,0.0631181460560839,16573.5041108195,0.340864018582439
"196","Angular",1.95,30.1434207379142,0.0569820131146486,16573.5041108195,0.284181935910604
"197","Angular",1.96,26.6970190856956,0.0490791336200971,16573.5041108195,0.227429735598393
"198","Angular",1.97,22.4371198895478,0.0394182622877537,16573.5041108195,0.170621420402023
"199","Angular",1.98,17.2548664519214,0.0280098098587018,16573.5041108195,0.113771006923245
"200","Angular",1.99,11.8718719762795,0.0148658291276291,16573.5041108195,0.056892522150884
"201","Angular",2,0,0,16573.5041108195,0
