"","Day","theta","MRS","MeanAngle","StdAngle","COM"
"1","Radial",1,0,0,16573.5041108195,0
"2","Radial",1.01,1.56126702250183,0.0174025743382913,16573.5041108195,0.0181101969933729
"3","Radial",1.02,2.26038332956119,0.0348045600193814,16573.5041108195,0.0362203939867507
"4","Radial",1.03,2.7646681208294,0.0522059553575929,16573.5041108195,0.0543305909801171
"5","Radial",1.04,3.31082506466481,0.0696067586666516,16573.5041108195,0.0724407879734957
"6","Radial",1.05,3.77971519112601,0.0870069682596295,16573.5041108195,0.0905509849668621
"7","Radial",1.06,4.31025259655407,0.104406582448959,16573.5041108195,0.108661181960228
"8","Radial",1.07,4.85619660382567,0.121805599546448,16573.5041108195,0.126771378953594
"9","Radial",1.08,5.3519002546955,0.13920401786325,16573.5041108195,0.144881575946973
"10","Radial",1.09,5.77205630766478,0.156601835709907,16573.5041108195,0.162991772940339
"11","Radial",1.1,6.400472372734,0.173999051396322,16573.5041108195,0.181101969933711
"12","Radial",1.11,6.74590991178332,0.191395663231745,16573.5041108195,0.199212166927078
"13","Radial",1.12,7.2279586268444,0.208791669524828,16573.5041108195,0.217322363920462
"14","Radial",1.13,7.7045285903241,0.22618706858357,16573.5041108195,0.235432560913828
"15","Radial",1.14,8.23354587027345,0.243581858715345,16573.5041108195,0.2535427579072
"16","Radial",1.15,8.59388520895391,0.2609760382269,16573.5041108195,0.271652954900573
"17","Radial",1.16,9.13642809210683,0.278369605424345,16573.5041108195,0.289763151893945
"18","Radial",1.17,9.64966465376408,0.295762558613163,16573.5041108195,0.307873348887312
"19","Radial",1.18,10.3222757679814,0.31315489609824,16573.5041108195,0.325983545880677
"20","Radial",1.19,10.8033231473903,0.33054661618381,16573.5041108195,0.344093742874056
"21","Radial",1.2,11.9079083817907,0.347937717173465,16573.5041108195,0.362203939867422
"22","Radial",1.21,12.8460147793875,0.365328197370204,16573.5041108195,0.380314136860794
"23","Radial",1.22,13.3670254932847,0.382718055076396,16573.5041108195,0.398424333854166
"24","Radial",1.23,13.9015837020701,0.400107288593802,16573.5041108195,0.416534530847545
"25","Radial",1.24,14.7668291479407,0.417495896223514,16573.5041108195,0.434644727840911
"26","Radial",1.25,15.4574535275733,0.434883876266071,16573.5041108195,0.452754924834284
"27","Radial",1.26,16.039082277603,0.452271227021328,16573.5041108195,0.470865121827656
"28","Radial",1.27,16.6148633704873,0.469657946788558,16573.5041108195,0.488975318821029
"29","Radial",1.28,17.327006739956,0.487044033866425,16573.5041108195,0.507085515814395
"30","Radial",1.29,17.9360010058528,0.504429486552965,16573.5041108195,0.525195712807767
"31","Radial",1.3,18.693190088556,0.521814303145575,16573.5041108195,0.54330590980114
"32","Radial",1.31,19.2109746261764,0.539198481941071,16573.5041108195,0.561416106794506
"33","Radial",1.32,19.7156359680269,0.55658202123567,16573.5041108195,0.579526303787878
"34","Radial",1.33,20.0664657699102,0.573964919324936,16573.5041108195,0.59763650078125
"35","Radial",1.34,20.5814499659116,0.591347174503838,16573.5041108195,0.615746697774628
"36","Radial",1.35,21.1486390979031,0.608728785066731,16573.5041108195,0.633856894767995
"37","Radial",1.36,21.6469666040857,0.626109749307389,16573.5041108195,0.651967091761367
"38","Radial",1.37,22.304119024326,0.643490065518961,16573.5041108195,0.67007728875474
"39","Radial",1.38,23.022014380769,0.660869731993984,16573.5041108195,0.688187485748106
"40","Radial",1.39,23.8368300310034,0.678248747024384,16573.5041108195,0.706297682741478
"41","Radial",1.4,24.6575267984702,0.695627108901505,16573.5041108195,0.72440787973485
"42","Radial",1.41,25.0930890754492,0.713004815916094,16573.5041108195,0.742518076728223
"43","Radial",1.42,25.8017738094649,0.730381866358272,16573.5041108195,0.760628273721594
"44","Radial",1.43,26.4054565573641,0.747758258517564,16573.5041108195,0.778738470714961
"45","Radial",1.44,26.8855189458693,0.765133990682912,16573.5041108195,0.796848667708333
"46","Radial",1.45,27.5785474999455,0.782509061142648,16573.5041108195,0.814958864701706
"47","Radial",1.46,28.3477963425111,0.799883468184518,16573.5041108195,0.833069061695078
"48","Radial",1.47,29.1169937357981,0.817257210095676,16573.5041108195,0.851179258688444
"49","Radial",1.48,29.803252820668,0.83463028516266,16573.5041108195,0.869289455681816
"50","Radial",1.49,30.3368386646485,0.852002691671444,16573.5041108195,0.887399652675189
"51","Radial",1.5,32.8978028966757,0.869374427907402,16573.5041108195,0.905509849668561
"52","Radial",1.51,33.4976923187163,0.886745492155313,16573.5041108195,0.923620046661928
"53","Radial",1.52,34.1705234044901,0.904115882699358,16573.5041108195,0.941730243655312
"54","Radial",1.53,35.0461364037846,0.921485597823178,16573.5041108195,0.959840440648679
"55","Radial",1.54,35.8070560769959,0.938854635809776,16573.5041108195,0.977950637642044
"56","Radial",1.55,36.4680867802122,0.956222994941598,16573.5041108195,0.996060834635411
"57","Radial",1.56,37.4340814904521,0.973590673500482,16573.5041108195,1.01417103162879
"58","Radial",1.57,38.1017487656185,0.990957669767738,16573.5041108195,1.03228122862216
"59","Radial",1.58,39.0203564697698,1.00832398202405,16573.5041108195,1.05039142561553
"60","Radial",1.59,39.6203628340897,1.02568960854956,16573.5041108195,1.0685016226089
"61","Radial",1.6,41.6746181909161,1.04305454762378,16573.5041108195,1.08661181960227
"62","Radial",1.61,42.3979963381222,1.06041879752571,16573.5041108195,1.10472201659564
"63","Radial",1.62,43.1583951705792,1.07778235653373,16573.5041108195,1.12283221358902
"64","Radial",1.63,43.9200313720657,1.09514522292568,16573.5041108195,1.1409424105824
"65","Radial",1.64,44.8841845759636,1.11250739497882,16573.5041108195,1.15905260757576
"66","Radial",1.65,45.6370291477533,1.12986887096983,16573.5041108195,1.17716280456913
"67","Radial",1.66,46.3851453568398,1.14722964917483,16573.5041108195,1.19527300156249
"68","Radial",1.67,48.8914661778596,1.1645897278694,16573.5041108195,1.21338319855587
"69","Radial",1.68,49.5267122956827,1.1819491053285,16573.5041108195,1.23149339554924
"70","Radial",1.69,50.1562593161153,1.1993077798266,16573.5041108195,1.24960359254261
"71","Radial",1.7,51.2873618347589,1.21666574963754,16573.5041108195,1.26771378953598
"72","Radial",1.71,51.9457571763367,1.23402301303464,16573.5041108195,1.28582398652936
"73","Radial",1.72,52.7894571720601,1.25137956829067,16573.5041108195,1.30393418352273
"74","Radial",1.73,53.5968362601713,1.26873541367783,16573.5041108195,1.3220443805161
"75","Radial",1.74,54.5262192053044,1.28609054746778,16573.5041108195,1.34015457750948
"76","Radial",1.75,55.539777715668,1.3034449679316,16573.5041108195,1.35826477450285
"77","Radial",1.76,56.3244548118102,1.32079867333984,16573.5041108195,1.37637497149622
"78","Radial",1.77,57.2609984185418,1.3381516619625,16573.5041108195,1.39448516848958
"79","Radial",1.78,58.265546814515,1.35550393206904,16573.5041108195,1.41259536548296
"80","Radial",1.79,59.0977064466467,1.37285548192837,16573.5041108195,1.43070556247632
"81","Radial",1.8,60.1488143572411,1.39020630980885,16573.5041108195,1.44881575946969
"82","Radial",1.81,60.8547031161861,1.40755641397831,16573.5041108195,1.46692595646306
"83","Radial",1.82,61.8239148857438,1.42490579270402,16573.5041108195,1.48503615345644
"84","Radial",1.83,62.6465947416166,1.44225444425275,16573.5041108195,1.50314635044981
"85","Radial",1.84,63.629655433356,1.45960236689073,16573.5041108195,1.52125654744318
"86","Radial",1.85,64.6857545543003,1.47694955888359,16573.5041108195,1.53936674443656
"87","Radial",1.86,65.5657119152846,1.49429601849653,16573.5041108195,1.55747694142993
"88","Radial",1.87,66.4898508941083,1.51164174399415,16573.5041108195,1.57558713842329
"89","Radial",1.88,67.4281818682988,1.52898673364054,16573.5041108195,1.59369733541667
"90","Radial",1.89,68.4898442622091,1.54633098569926,16573.5041108195,1.61180753241004
"91","Radial",1.9,69.3914794883065,1.56367449843336,16573.5041108195,1.62991772940341
"92","Radial",1.91,70.3846384059419,1.58101727010538,16573.5041108195,1.64802792639677
"93","Radial",1.92,71.268176094741,1.5983592989773,16573.5041108195,1.66613812339015
"94","Radial",1.93,72.0387814774178,1.6157005833106,16573.5041108195,1.68424832038353
"95","Radial",1.94,72.8469156991177,1.63304112136628,16573.5041108195,1.70235851737689
"96","Radial",1.95,73.6666127962666,1.65038091140477,16573.5041108195,1.72046871437027
"97","Radial",1.96,74.3578735872705,1.66771995168601,16573.5041108195,1.73857891136363
"98","Radial",1.97,75.0881139204222,1.68505824046946,16573.5041108195,1.75668910835701
"99","Radial",1.98,75.5018499217568,1.702395776014,16573.5041108195,1.77479930535038
"100","Radial",1.99,75.7495262328975,1.71973255657811,16573.5041108195,1.79290950234375
"101","Radial",2,78.8492276090023,1.73706858041966,16573.5041108195,1.81101969933712
"102","Radial",2.01,83.082433580888,1.75440384579611,16573.5041108195,1.82912989633049
"103","Radial",2.02,83.082433580888,1.77173835096433,16573.5041108195,1.84724009332386
"104","Radial",2.03,83.0898252416597,1.78907209418078,16573.5041108195,1.86535029031723
"105","Radial",2.04,83.3350651335457,1.80640507370137,16573.5041108195,1.88346048731061
"106","Radial",2.05,83.554968906798,1.82373728778155,16573.5041108195,1.90157068430398
"107","Radial",2.06,83.8197835041934,1.84106873467626,16573.5041108195,1.91968088129735
"108","Radial",2.07,84.1503527568223,1.85839941263995,16573.5041108195,1.93779107829072
"109","Radial",2.08,84.5064993592153,1.87572931992661,16573.5041108195,1.95590127528409
"110","Radial",2.09,84.744037333183,1.8930584547897,16573.5041108195,1.97401147227746
"111","Radial",2.1,85.18656228381,1.91038681548223,16573.5041108195,1.99212166927083
"112","Radial",2.11,85.4441679177503,1.92771440025676,16573.5041108195,2.01023186626421
"113","Radial",2.12,85.9016085965301,1.94504120736531,16573.5041108195,2.02834206325758
"114","Radial",2.13,86.2168360914925,1.96236723505949,16573.5041108195,2.04645226025094
"115","Radial",2.14,86.5521645566942,1.97969248159038,16573.5041108195,2.06456245724432
"116","Radial",2.15,86.9426607448649,1.99701694520863,16573.5041108195,2.08267265423769
"117","Radial",2.16,87.331625628926,2.0143406241644,16573.5041108195,2.10078285123106
"118","Radial",2.17,87.8883304753209,2.03166351670743,16573.5041108195,2.11889304822443
"119","Radial",2.18,88.1009277812889,2.0489856210869,16573.5041108195,2.1370032452178
"120","Radial",2.19,88.619252884026,2.06630693555164,16573.5041108195,2.15511344221117
"121","Radial",2.2,89.212876420812,2.08362745834999,16573.5041108195,2.17322363920454
"122","Radial",2.21,89.3882867205963,2.10094718772977,16573.5041108195,2.19133383619791
"123","Radial",2.22,89.6686189003373,2.11826612193845,16573.5041108195,2.2094440331913
"124","Radial",2.23,90.3801569291551,2.13558425922297,16573.5041108195,2.22755423018466
"125","Radial",2.24,90.7115956414657,2.15290159782985,16573.5041108195,2.24566442717803
"126","Radial",2.25,91.0796040736695,2.17021813600518,16573.5041108195,2.26377462417139
"127","Radial",2.26,91.6245990033589,2.1875338719946,16573.5041108195,2.28188482116477
"128","Radial",2.27,91.9003188935986,2.20484880404328,16573.5041108195,2.29999501815814
"129","Radial",2.28,92.1384154123241,2.222162930396,16573.5041108195,2.31810521515151
"130","Radial",2.29,93.0160163283001,2.23947624929708,16573.5041108195,2.33621541214488
"131","Radial",2.3,93.2316488880288,2.2567887589904,16573.5041108195,2.35432560913826
"132","Radial",2.31,93.5176018049156,2.27410045771943,16573.5041108195,2.37243580613163
"133","Radial",2.32,93.8322561849374,2.29141134372719,16573.5041108195,2.390546003125
"134","Radial",2.33,93.9468372400336,2.3087214152563,16573.5041108195,2.40865620011838
"135","Radial",2.34,96.6811247666105,2.32603067054896,16573.5041108195,2.42676639711174
"136","Radial",2.35,96.8494221778048,2.34333910784693,16573.5041108195,2.44487659410512
"137","Radial",2.36,97.1019319485665,2.36064672539155,16573.5041108195,2.46298679109848
"138","Radial",2.37,97.3743402780359,2.37795352142378,16573.5041108195,2.48109698809186
"139","Radial",2.38,97.6718385061687,2.39525949418412,16573.5041108195,2.49920718508522
"140","Radial",2.39,97.8697889942829,2.41256464191272,16573.5041108195,2.51731738207859
"141","Radial",2.4,98.3398583433442,2.42986896284928,16573.5041108195,2.53542757907196
"142","Radial",2.41,98.7796110078327,2.44717245523314,16573.5041108195,2.55353777606534
"143","Radial",2.42,98.9109134312568,2.46447511730317,16573.5041108195,2.57164797305871
"144","Radial",2.43,99.2311505740278,2.48177694729792,16573.5041108195,2.58975817005208
"145","Radial",2.44,99.3844042818011,2.49907794345549,16573.5041108195,2.60786836704545
"146","Radial",2.45,99.8316041086534,2.51637810401361,16573.5041108195,2.62597856403883
"147","Radial",2.46,100.032325607941,2.53367742720964,16573.5041108195,2.6440887610322
"148","Radial",2.47,100.305816805799,2.55097591128055,16573.5041108195,2.66219895802556
"149","Radial",2.48,100.589371985147,2.56827355446285,16573.5041108195,2.68030915501895
"150","Radial",2.49,100.707092689571,2.58557035499281,16573.5041108195,2.69841935201231
"151","Radial",2.5,101.856898968373,2.60286631110618,16573.5041108195,2.71652954900568
"152","Radial",2.51,102.302789478383,2.62016142103846,16573.5041108195,2.73463974599904
"153","Radial",2.52,102.421334513721,2.63745568302468,16573.5041108195,2.75274994299243
"154","Radial",2.53,102.591930122023,2.65474909529956,16573.5041108195,2.77086013998579
"155","Radial",2.54,102.791400533866,2.67204165609745,16573.5041108195,2.78897033697917
"156","Radial",2.55,103.160352071727,2.6893333636523,16573.5041108195,2.80708053397253
"157","Radial",2.56,103.378698995,2.70662421619774,16573.5041108195,2.82519073096591
"158","Radial",2.57,103.429070545719,2.72391421196701,16573.5041108195,2.84330092795928
"159","Radial",2.58,104.116688726601,2.74120334919307,16573.5041108195,2.86141112495265
"160","Radial",2.59,104.33411920389,2.75849162610842,16573.5041108195,2.87952132194602
"161","Radial",2.6,104.591670467949,2.77577904094531,16573.5041108195,2.89763151893939
"162","Radial",2.61,104.867527680817,2.79306559193557,16573.5041108195,2.91574171593276
"163","Radial",2.62,105.021236539369,2.81035127731076,16573.5041108195,2.93385191292613
"164","Radial",2.63,105.214684226249,2.82763609530204,16573.5041108195,2.95196210991951
"165","Radial",2.64,105.386442242646,2.84492004414028,16573.5041108195,2.97007230691288
"166","Radial",2.65,105.471778519003,2.86220312205599,16573.5041108195,2.98818250390624
"167","Radial",2.66,105.502457927706,2.87948532727934,16573.5041108195,3.00629270089962
"168","Radial",2.67,102.1688526505,2.89676665804025,16573.5041108195,3.02440289789299
"169","Radial",2.68,102.171437153785,2.91404711256823,16573.5041108195,3.04251309488636
"170","Radial",2.69,102.295754856087,2.93132668909251,16573.5041108195,3.06062329187973
"171","Radial",2.7,102.450365679974,2.94860538584199,16573.5041108195,3.07873348887311
"172","Radial",2.71,102.575746614046,2.9658832010453,16573.5041108195,3.09684368586648
"173","Radial",2.72,102.766154048775,2.98316013293071,16573.5041108195,3.11495388285984
"174","Radial",2.73,103.051525475104,3.00043617972618,16573.5041108195,3.13306407985322
"175","Radial",2.74,103.126127018691,3.01771133965943,16573.5041108195,3.15117427684659
"176","Radial",2.75,103.296078972312,3.03498561095782,16573.5041108195,3.16928447383996
"177","Radial",2.76,103.738383833795,3.0522589918484,16573.5041108195,3.18739467083333
"178","Radial",2.77,103.944535458096,3.06953148055803,16573.5041108195,3.2055048678267
"179","Radial",2.78,104.047608682115,3.08680307531318,16573.5041108195,3.22361506482007
"180","Radial",2.79,104.140197911821,3.10407377434005,16573.5041108195,3.24172526181344
"181","Radial",2.8,104.531090115287,3.12134357586459,16573.5041108195,3.25983545880681
"182","Radial",2.81,105.175458234088,3.13861247811245,16573.5041108195,3.27794565580019
"183","Radial",2.82,105.263080639549,3.155880479309,16573.5041108195,3.29605585279357
"184","Radial",2.83,105.355159395952,3.17314757767936,16573.5041108195,3.31416604978693
"185","Radial",2.84,105.575336238661,3.19041377144836,16573.5041108195,3.3322762467803
"186","Radial",2.85,105.693272707136,3.20767905884055,16573.5041108195,3.35038644377367
"187","Radial",2.86,106.057015786122,3.22494343808029,16573.5041108195,3.36849664076704
"188","Radial",2.87,106.134919352113,3.24220690739156,16573.5041108195,3.38660683776041
"189","Radial",2.88,106.312419321696,3.25946946499819,16573.5041108195,3.40471703475378
"190","Radial",2.89,106.621471079112,3.27673110912373,16573.5041108195,3.42282723174716
"191","Radial",2.9,106.664411079827,3.29399183799144,16573.5041108195,3.44093742874053
"192","Radial",2.91,106.906496217385,3.31125164982441,16573.5041108195,3.4590476257339
"193","Radial",2.92,106.96889230167,3.32851054284541,16573.5041108195,3.47715782272727
"194","Radial",2.93,107.128896389979,3.34576851527704,16573.5041108195,3.49526801972064
"195","Radial",2.94,107.26966403858,3.3630255653416,16573.5041108195,3.51337821671402
"196","Radial",2.95,107.438423851622,3.38028169126122,16573.5041108195,3.53148841370738
"197","Radial",2.96,107.518565542113,3.39753689125777,16573.5041108195,3.54959861070076
"198","Radial",2.97,107.567759004331,3.41479116355291,16573.5041108195,3.56770880769412
"199","Radial",2.98,107.616594876901,3.43204450636806,16573.5041108195,3.58581900468749
"200","Radial",2.99,107.616594876901,3.44929691792446,16573.5041108195,3.60392920168087
"201","Radial",3,110.557536452325,3.46654839644307,16573.5041108195,3.62203939867424
"202","Radial",3.01,111.092398702322,3.48379894014474,16573.5041108195,3.64014959566761
"203","Radial",3.02,111.092398702322,3.50104854725002,16573.5041108195,3.65825979266098
"204","Radial",3.03,111.149942925341,3.51829721597933,16573.5041108195,3.67636998965435
"205","Radial",3.04,111.232481364914,3.53554494455285,16573.5041108195,3.69448018664773
"206","Radial",3.05,111.329047994233,3.55279173119058,16573.5041108195,3.7125903836411
"207","Radial",3.06,111.428307779453,3.57003757411232,16573.5041108195,3.73070058063446
"208","Radial",3.07,111.536232731033,3.58728247153768,16573.5041108195,3.74881077762784
"209","Radial",3.08,111.657135319812,3.60452642168613,16573.5041108195,3.7669209746212
"210","Radial",3.09,111.760417368391,3.62176942277691,16573.5041108195,3.78503117161458
"211","Radial",3.1,111.951323245427,3.63901147302909,16573.5041108195,3.80314136860794
"212","Radial",3.11,112.002649892211,3.65625257066161,16573.5041108195,3.82125156560133
"213","Radial",3.12,112.253286941462,3.67349271389321,16573.5041108195,3.83936176259469
"214","Radial",3.13,112.346673592906,3.69073190094245,16573.5041108195,3.85747195958807
"215","Radial",3.14,112.391044106209,3.70797013002777,16573.5041108195,3.87558215658143
"216","Radial",3.15,112.914725789457,3.72520739936745,16573.5041108195,3.89369235357481
"217","Radial",3.16,112.992120972468,3.74244370717956,16573.5041108195,3.91180255056818
"218","Radial",3.17,113.098403003148,3.75967905168208,16573.5041108195,3.92991274756155
"219","Radial",3.18,113.208497577285,3.77691343109286,16573.5041108195,3.94802294455492
"220","Radial",3.19,113.275179958606,3.79414684362958,16573.5041108195,3.96613314154829
"221","Radial",3.2,113.835204576645,3.81137928750972,16573.5041108195,3.98424333854166
"222","Radial",3.21,113.955084237131,3.82861076095075,16573.5041108195,4.00235353553503
"223","Radial",3.22,114.028476295591,3.84584126216994,16573.5041108195,4.02046373252841
"224","Radial",3.23,114.134072281372,3.86307078938444,16573.5041108195,4.03857392952178
"225","Radial",3.24,114.220173168204,3.88029934081129,16573.5041108195,4.05668412651515
"226","Radial",3.25,114.361618312987,3.89752691466741,16573.5041108195,4.07479432350852
"227","Radial",3.26,114.582719874631,3.91475350916961,16573.5041108195,4.09290452050189
"228","Radial",3.27,114.632480544926,3.9319791225346,16573.5041108195,4.11101471749526
"229","Radial",3.28,114.795968203338,3.94920375297896,16573.5041108195,4.12912491448863
"230","Radial",3.29,114.868729467797,3.96642739871916,16573.5041108195,4.14723511148201
"231","Radial",3.3,114.971713691338,3.98365005797166,16573.5041108195,4.16534530847538
"232","Radial",3.31,115.061170139578,4.0008717289527,16573.5041108195,4.18345550546875
"233","Radial",3.32,115.097118326877,4.01809240987853,16573.5041108195,4.20156570246212
"234","Radial",3.33,115.905565197358,4.03531209896529,16573.5041108195,4.21967589945549
"235","Radial",3.34,112.344337704211,4.05253079442903,16573.5041108195,4.23778609644886
"236","Radial",3.35,112.345678889224,4.06974849448571,16573.5041108195,4.25589629344223
"237","Radial",3.36,112.420107289379,4.08696519735126,16573.5041108195,4.2740064904356
"238","Radial",3.37,112.473614574996,4.10418090124149,16573.5041108195,4.29211668742898
"239","Radial",3.38,112.570083515448,4.12139560437218,16573.5041108195,4.31022688442234
"240","Radial",3.39,112.651467065403,4.13860930495908,16573.5041108195,4.32833708141572
"241","Radial",3.4,112.749922027398,4.15582200121779,16573.5041108195,4.34644727840908
"242","Radial",3.41,112.832855971326,4.17303369136397,16573.5041108195,4.36455747540247
"243","Radial",3.42,112.925811814523,4.19024437361317,16573.5041108195,4.38266767239583
"244","Radial",3.43,113.28152394374,4.20745404618089,16573.5041108195,4.4007778693892
"245","Radial",3.44,113.320225578008,4.22466270728263,16573.5041108195,4.41888806638257
"246","Radial",3.45,113.383723887955,4.24187035513384,16573.5041108195,4.43699826337594
"247","Radial",3.46,113.467480065311,4.25907698794994,16573.5041108195,4.45510846036931
"248","Radial",3.47,113.506773931841,4.27628260394631,16573.5041108195,4.47321865736268
"249","Radial",3.48,113.584595187343,4.29348720133837,16573.5041108195,4.49132885435605
"250","Radial",3.49,113.641221753877,4.3106907783414,16573.5041108195,4.50943905134943
"251","Radial",3.5,114.384047420418,4.32789333317079,16573.5041108195,4.52754924834279
"252","Radial",3.51,114.555847665872,4.34509486404185,16573.5041108195,4.54565944533617
"253","Radial",3.52,114.57495874232,4.36229536916997,16573.5041108195,4.56376964232954
"254","Radial",3.53,114.675918480469,4.37949484677043,16573.5041108195,4.58187983932292
"255","Radial",3.54,114.720398647976,4.39669329505857,16573.5041108195,4.59999003631628
"256","Radial",3.55,114.75305621474,4.41389071224975,16573.5041108195,4.61810023330966
"257","Radial",3.56,114.933762282279,4.43108709655934,16573.5041108195,4.63621043030303
"258","Radial",3.57,114.962912364979,4.44828244620273,16573.5041108195,4.65432062729639
"259","Radial",3.58,115.036136108881,4.46547675939526,16573.5041108195,4.67243082428977
"260","Radial",3.59,115.085986881519,4.48267003435244,16573.5041108195,4.69054102128314
"261","Radial",3.6,115.745025892103,4.49986226928968,16573.5041108195,4.70865121827651
"262","Radial",3.61,115.745025892103,4.5170534624225,16573.5041108195,4.72676141526988
"263","Radial",3.62,115.791278037351,4.53424361196643,16573.5041108195,4.74487161226325
"264","Radial",3.63,115.819279975333,4.55143271613706,16573.5041108195,4.76298180925663
"265","Radial",3.64,115.906759059381,4.56862077315002,16573.5041108195,4.78109200625
"266","Radial",3.65,115.982859395454,4.58580778122099,16573.5041108195,4.79920220324337
"267","Radial",3.66,116.014466164944,4.60299373856573,16573.5041108195,4.81731240023674
"268","Radial",3.67,117.620003236684,4.62017864340004,16573.5041108195,4.8354225972301
"269","Radial",3.68,117.655453040172,4.63736249393979,16573.5041108195,4.85353279422348
"270","Radial",3.69,117.669962375429,4.65454528840094,16573.5041108195,4.87164299121684
"271","Radial",3.7,117.766340072277,4.67172702499951,16573.5041108195,4.88975318821022
"272","Radial",3.71,117.784528339851,4.68890770195161,16573.5041108195,4.90786338520359
"273","Radial",3.72,118.057139160836,4.70608731747345,16573.5041108195,4.92597358219697
"274","Radial",3.73,118.071049357769,4.72326586978127,16573.5041108195,4.94408377919033
"275","Radial",3.74,118.146814296714,4.74044335709148,16573.5041108195,4.96219397618371
"276","Radial",3.75,118.222054982462,4.75761977762056,16573.5041108195,4.98030417317708
"277","Radial",3.76,118.383138965434,4.7747951295851,16573.5041108195,4.99841437017045
"278","Radial",3.77,118.426081234346,4.79196941120178,16573.5041108195,5.01652456716382
"279","Radial",3.78,118.591580137849,4.80914262068738,16573.5041108195,5.03463476415719
"280","Radial",3.79,118.617130611863,4.82631475625887,16573.5041108195,5.05274496115057
"281","Radial",3.8,118.679593973266,4.84348581613328,16573.5041108195,5.07085515814393
"282","Radial",3.81,118.74130097685,4.86065579852777,16573.5041108195,5.08896535513731
"283","Radial",3.82,118.839277127188,4.87782470165968,16573.5041108195,5.10707555213068
"284","Radial",3.83,118.855317209057,4.89499252374642,16573.5041108195,5.12518574912405
"285","Radial",3.84,118.934271867187,4.91215926300561,16573.5041108195,5.14329594611742
"286","Radial",3.85,118.995739708475,4.92932491765497,16573.5041108195,5.16140614311079
"287","Radial",3.86,119.043448061404,4.94648948591238,16573.5041108195,5.17951634010416
"288","Radial",3.87,119.089853540365,4.96365296599589,16573.5041108195,5.19762653709753
"289","Radial",3.88,119.135914167397,4.9808153561237,16573.5041108195,5.2157367340909
"290","Radial",3.89,119.178163153474,4.99797665451419,16573.5041108195,5.23384693108427
"291","Radial",3.9,119.213238926465,5.01513685938586,16573.5041108195,5.25195712807764
"292","Radial",3.91,119.258406295651,5.03229596895748,16573.5041108195,5.27006732507102
"293","Radial",3.92,119.275340757526,5.04945398144793,16573.5041108195,5.28817752206439
"294","Radial",3.93,119.295750172742,5.06661089507625,16573.5041108195,5.30628771905776
"295","Radial",3.94,119.332253356861,5.08376670806176,16573.5041108195,5.32439791605113
"296","Radial",3.95,119.334177164142,5.10092141862388,16573.5041108195,5.3425081130445
"297","Radial",3.96,119.334177164142,5.11807502498232,16573.5041108195,5.36061831003788
"298","Radial",3.97,119.334177164142,5.13522752535691,16573.5041108195,5.37872850703124
"299","Radial",3.98,119.334177164142,5.15237891796775,16573.5041108195,5.39683870402462
"300","Radial",3.99,120.394471188695,5.16952920103513,16573.5041108195,5.41494890101798
"301","Radial",4,121.808893087531,5.18667837277954,16573.5041108195,5.43305909801135
"302","Radial",4.01,119.757672477225,5.20382643142175,16573.5041108195,5.45116929500473
"303","Radial",4.02,119.757672477225,5.22097337518269,16573.5041108195,5.4692794919981
"304","Radial",4.03,119.757672477225,5.23811920228357,16573.5041108195,5.48738968899147
"305","Radial",4.04,119.757672477225,5.25526391094584,16573.5041108195,5.50549988598484
"306","Radial",4.05,119.757672477225,5.27240749939118,16573.5041108195,5.52361008297821
"307","Radial",4.06,119.759158695543,5.28954996584149,16573.5041108195,5.54172027997158
"308","Radial",4.07,119.782057208894,5.30669130851898,16573.5041108195,5.55983047696495
"309","Radial",4.08,119.812632992022,5.32383152564606,16573.5041108195,5.57794067395833
"310","Radial",4.09,119.835486486433,5.34097061544549,16573.5041108195,5.59605087095169
"311","Radial",4.1,119.869295332801,5.35810857614018,16573.5041108195,5.61416106794506
"312","Radial",4.11,119.892189709676,5.37524540595341,16573.5041108195,5.63227126493844
"313","Radial",4.12,119.936269096286,5.3923811031087,16573.5041108195,5.65038146193181
"314","Radial",4.13,119.970734561872,5.40951566582987,16573.5041108195,5.66849165892519
"315","Radial",4.14,120.010071808271,5.42664909234101,16573.5041108195,5.68660185591856
"316","Radial",4.15,120.055060289517,5.44378138086648,16573.5041108195,5.70471205291193
"317","Radial",4.16,120.115596877075,5.46091252963102,16573.5041108195,5.7228222499053
"318","Radial",4.17,120.148447816008,5.47804253685959,16573.5041108195,5.74093244689867
"319","Radial",4.18,120.165517191447,5.49517140077751,16573.5041108195,5.75904264389204
"320","Radial",4.19,120.230998140935,5.51229911961038,16573.5041108195,5.77715284088541
"321","Radial",4.2,120.309570342814,5.52942569158414,16573.5041108195,5.79526303787878
"322","Radial",4.21,120.385298016472,5.54655111492505,16573.5041108195,5.81337323487215
"323","Radial",4.22,120.40490061842,5.5636753878597,16573.5041108195,5.83148343186553
"324","Radial",4.23,120.4924722091,5.58079850861503,16573.5041108195,5.8495936288589
"325","Radial",4.24,120.539355048072,5.59792047541826,16573.5041108195,5.86770382585227
"326","Radial",4.25,120.618813922861,5.61504128649705,16573.5041108195,5.88581402284564
"327","Radial",4.26,120.711632987797,5.63216094007929,16573.5041108195,5.903924219839
"328","Radial",4.27,120.743967028461,5.64927943439334,16573.5041108195,5.92203441683238
"329","Radial",4.28,120.761287141164,5.66639676766786,16573.5041108195,5.94014461382574
"330","Radial",4.29,120.887031497731,5.68351293813188,16573.5041108195,5.95825481081912
"331","Radial",4.3,120.925595990827,5.70062794401483,16573.5041108195,5.97636500781249
"332","Radial",4.31,120.976077139642,5.71774178354646,16573.5041108195,5.99447520480587
"333","Radial",4.32,120.998496705244,5.73485445495692,16573.5041108195,6.01258540179924
"334","Radial",4.33,122.022118087591,5.75196595647679,16573.5041108195,6.03069559879261
"335","Radial",4.34,122.322216181867,5.76907628633701,16573.5041108195,6.04880579578598
"336","Radial",4.35,122.331209978966,5.78618544276891,16573.5041108195,6.06691599277935
"337","Radial",4.36,122.345030838773,5.80329342400421,16573.5041108195,6.08502618977272
"338","Radial",4.37,122.416317390642,5.82040022827506,16573.5041108195,6.10313638676609
"339","Radial",4.38,122.439965986068,5.83750585381404,16573.5041108195,6.12124658375947
"340","Radial",4.39,122.459342180151,5.85461029885408,16573.5041108195,6.13935678075283
"341","Radial",4.4,122.775549093414,5.8717135616286,16573.5041108195,6.1574669777462
"342","Radial",4.41,122.783572858967,5.88881564037142,16573.5041108195,6.17557717473958
"343","Radial",4.42,122.79693168342,5.90591653331677,16573.5041108195,6.19368737173295
"344","Radial",4.43,122.827448186617,5.9230162386994,16573.5041108195,6.21179756872632
"345","Radial",4.44,122.841758069744,5.94011475475439,16573.5041108195,6.22990776571969
"346","Radial",4.45,122.906463268328,5.95721207971735,16573.5041108195,6.24801796271306
"347","Radial",4.46,122.897294953747,5.97430821182432,16573.5041108195,6.26612815970643
"348","Radial",4.47,122.945629473556,5.99140314931181,16573.5041108195,6.28423835669981
"349","Radial",4.48,122.970420451283,6.00849689041674,16573.5041108195,6.30234855369317
"350","Radial",4.49,122.97044304969,6.0255894333766,16573.5041108195,6.32045875068655
"351","Radial",4.5,123.562459924499,6.04268077642925,16573.5041108195,6.33856894767992
"352","Radial",4.51,123.624911278781,6.0597709178131,16573.5041108195,6.35667914467329
"353","Radial",4.52,123.629243081821,6.07685985576703,16573.5041108195,6.37478934166666
"354","Radial",4.53,123.640105567815,6.09394758853041,16573.5041108195,6.39289953866003
"355","Radial",4.54,123.651903834384,6.11103411434308,16573.5041108195,6.4110097356534
"356","Radial",4.55,123.687374524386,6.12811943144541,16573.5041108195,6.42911993264677
"357","Radial",4.56,123.700510775422,6.14520353807829,16573.5041108195,6.44723012964014
"358","Radial",4.57,123.748993872892,6.16228643248309,16573.5041108195,6.46534032663352
"359","Radial",4.58,123.895734883322,6.17936811290171,16573.5041108195,6.48345052362688
"360","Radial",4.59,123.904777976703,6.19644857757659,16573.5041108195,6.50156072062025
"361","Radial",4.6,123.910478183122,6.21352782475067,16573.5041108195,6.51967091761362
"362","Radial",4.61,123.951750795057,6.23060585266745,16573.5041108195,6.537781114607
"363","Radial",4.62,124.009899750492,6.24768265957096,16573.5041108195,6.55589131160037
"364","Radial",4.63,124.031575366509,6.26475824370574,16573.5041108195,6.57400150859375
"365","Radial",4.64,124.048325531391,6.28183260331697,16573.5041108195,6.59211170558711
"366","Radial",4.65,124.047087149432,6.2989057366503,16573.5041108195,6.61022190258049
"367","Radial",4.66,124.271222451949,6.31597764195195,16573.5041108195,6.62833209957386
"368","Radial",4.67,122.142351978047,6.33304831746875,16573.5041108195,6.64644229656723
"369","Radial",4.68,122.142351978047,6.35011776144809,16573.5041108195,6.66455249356059
"370","Radial",4.69,122.144420203832,6.36718597213792,16573.5041108195,6.68266269055397
"371","Radial",4.7,122.163754118719,6.38425294778675,16573.5041108195,6.70077288754734
"372","Radial",4.71,122.172858739934,6.40131868664375,16573.5041108195,6.71888308454071
"373","Radial",4.72,122.224171359709,6.41838318695862,16573.5041108195,6.73699328153409
"374","Radial",4.73,122.282596819128,6.4354464469817,16573.5041108195,6.75510347852745
"375","Radial",4.74,122.308752600964,6.45250846496388,16573.5041108195,6.77321367552083
"376","Radial",4.75,122.324125921192,6.46956923915674,16573.5041108195,6.7913238725142
"377","Radial",4.76,122.370072034109,6.48662876781241,16573.5041108195,6.80943406950757
"378","Radial",4.77,122.404310506874,6.50368704918367,16573.5041108195,6.82754426650093
"379","Radial",4.78,122.430161275874,6.5207440815239,16573.5041108195,6.84565446349431
"380","Radial",4.79,122.422086320692,6.53779986308716,16573.5041108195,6.86376466048768
"381","Radial",4.8,122.54425724357,6.55485439212811,16573.5041108195,6.88187485748105
"382","Radial",4.81,122.759147576349,6.57190766690206,16573.5041108195,6.89998505447442
"383","Radial",4.82,122.771015352418,6.58895968566497,16573.5041108195,6.9180952514678
"384","Radial",4.83,122.785009920318,6.60601044667347,16573.5041108195,6.93620544846116
"385","Radial",4.84,122.822123583748,6.62305994818482,16573.5041108195,6.95431564545454
"386","Radial",4.85,122.823932670389,6.64010818845698,16573.5041108195,6.97242584244791
"387","Radial",4.86,122.947705918213,6.65715516574853,16573.5041108195,6.99053603944128
"388","Radial",4.87,122.953851980578,6.6742008783188,16573.5041108195,7.00864623643465
"389","Radial",4.88,122.96412206718,6.69124532442773,16573.5041108195,7.02675643342802
"390","Radial",4.89,123.11076339273,6.70828850233598,16573.5041108195,7.0448666304214
"391","Radial",4.9,123.104666132419,6.72533041030492,16573.5041108195,7.06297682741476
"392","Radial",4.91,123.145523005293,6.74237104659656,16573.5041108195,7.08108702440814
"393","Radial",4.92,123.155921459919,6.7594104094737,16573.5041108195,7.09919722140151
"394","Radial",4.93,123.165624959214,6.77644849719978,16573.5041108195,7.11730741839488
"395","Radial",4.94,123.194444887902,6.79348530803897,16573.5041108195,7.13541761538825
"396","Radial",4.95,123.206648218679,6.81052084025619,16573.5041108195,7.15352781238162
"397","Radial",4.96,123.233627504134,6.82755509211704,16573.5041108195,7.17163800937499
"398","Radial",4.97,123.234361636007,6.84458806188789,16573.5041108195,7.18974820636836
"399","Radial",4.98,123.234361636007,6.86161974783582,16573.5041108195,7.20785840336173
"400","Radial",4.99,123.42478938662,6.87865014822869,16573.5041108195,7.2259686003551
"401","Radial",5,124.807134176145,6.89567926133506,16573.5041108195,7.24407879734847
